 002070   63031196901   53609X1           1   001   141120   00   000000   0   000000000000000   000   000000000000000   000   000000000000000      000000000002339334   000   000000002339334   0   0000000000   A   0   0000000000   A   000000   000000   000000000000000   000000000000000   0000A0000000
 002070   63031196901   34031X1           1   001   141120   00   000000   0   000000000000000   000   000000000000000   000   000000000000000      000000000000989161   000   000000000989161   0   0000000000   A   0   0000000000   A   000000   000000   000000000000000   000000000000000   0000A0000000
 002070   63097722302   34031X1           1   001   221120   00   000000   0   000000000000000   000   000000000000000   000   000000000000000      000000000000989161   000   000000000989161   0   0000000000   A   0   0000000000   A   000000   000000   000000000000000   000000000000000   0000A0000000
 002070   63097722302   58606X1           1   001   221120   00   000000   0   000000000000000   000   000000000000000   000   000000000000000      000000000000377380   000   000000000377380   0   0000000000   A   0   0000000000   A   000000   000000   000000000000000   000000000000000   0000A0000000
 002070   63097722302   53609X1           1   001   221120   00   000000   0   000000000000000   000   000000000000000   000   000000000000000      000000000002339334   000   000000002339334   0   0000000000   A   0   0000000000   A   000000   000000   000000000000000   000000000000000   0000A0000000
 002070   63166407503   58373X1           1   001   221120   00   000000   0   000000000000000   000   000000000000000   000   000000000000000      000000000000320926   000   000000000320926   0   0000000000   A   0   0000000000   A   000000   000000   000000000000000   000000000000000   0000A0000000
 002070   63166407503   53609X1           1   001   221120   00   000000   0   000000000000000   000   000000000000000   000   000000000000000      000000000002339334   000   000000002339334   0   0000000000   A   0   0000000000   A   000000   000000   000000000000000   000000000000000   0000A0000000
 002070   63166407503   32583X1           1   001   221120   00   000000   0   000000000000000   000   000000000000000   000   000000000000000      000000000000747275   000   000000000747275   0   0000000000   A   0   0000000000   A   000000   000000   000000000000000   000000000000000   0000A0000000
 002070   63166407503   34031X1           1   001   221120   00   000000   0   000000000000000   000   000000000000000   000   000000000000000      000000000000989161   000   000000000989161   0   0000000000   A   0   0000000000   A   000000   000000   000000000000000   000000000000000   0000A0000000
 002070   63152963102   29366X1           1   001   261120   00   000000   0   000000000000000   000   000000000000000   000   000000000000000      000000000000436586   000   000000000436586   0   0000000000   A   0   0000000000   A   000000   000000   000000000000000   000000000000000   0000A0000000
 002070   61162311002   420266            1   001   041120   00   000000   0   000000000000000   000   000000000000000   000   000000000000000      000000000001138233   000   000000001138233   0   0000000000   A   0   0000000000   A   000000   000000   000000000000000   000000000000000   0000A0000000
 002070   00000000000   420266            1   001   041120   00   000000   0   000000000000000   000   000000000000000   000   000000000000000      000000000001138233   000   000000001138233   0   0000000000   A   0   0000000000   A   000000   000000   000000000000000   000000000000000   0000A0000000
 002070   63172396901   430201            1   014   051120   00   000000   0   000000000000000   000   000000000000000   000   000000000000000      000000000000160004   000   000000002240056   0   0000000000   A   0   0000000000   A   000000   000000   000000000000000   000000000000000   0000A0000000
 002070   62977683001   420266            1   001   071120   00   000000   0   000000000000000   000   000000000000000   000   000000000000000      000000000001138233   000   000000001138233   0   0000000000   A   0   0000000000   A   000000   000000   000000000000000   000000000000000   0000A0000000
 002070   63215152701   420266            1   001   081120   00   000000   0   000000000000000   000   000000000000000   000   000000000000000      000000000001138233   000   000000001138233   0   0000000000   A   0   0000000000   A   000000   000000   000000000000000   000000000000000   0000A0000000
 002070   62494028301   420266            1   001   081120   00   000000   0   000000000000000   000   000000000000000   000   000000000000000      000000000001138233   000   000000001138233   0   0000000000   A   0   0000000000   A   000000   000000   000000000000000   000000000000000   0000A0000000
 002070   61120376501   180125            1   001   101120   00   000000   0   000000000000000   000   000000000000000   000   000000000000000      000000000000698032   000   000000000698032   0   0000000000   A   0   0000000000   A   000000   000000   000000000000000   000000000000000   0000A0000000
 002070   65148842502   180125            1   001   111120   00   000000   0   000000000000000   000   000000000000000   000   000000000000000      000000000000698032   000   000000000698032   0   0000000000   A   0   0000000000   A   000000   000000   000000000000000   000000000000000   0000A0000000
 002070   61805753502   420266            1   001   121120   00   000000   0   000000000000000   000   000000000000000   000   000000000000000      000000000001153586   000   000000001153586   0   0000000000   A   0   0000000000   A   000000   000000   000000000000000   000000000000000   0000A0000000
 002070   63164232204   180125            1   001   141120   00   000000   0   000000000000000   000   000000000000000   000   000000000000000      000000000000698032   000   000000000698032   0   0000005480   A   0   0000000000   A   000000   000000   000000000000000   000000000000000   0000A0000000
 002070   15202394602   180125            1   001   141120   00   000000   0   000000000000000   000   000000000000000   000   000000000000000      000000000000698032   000   000000000698032   0   0000005480   A   0   0000000000   A   000000   000000   000000000000000   000000000000000   0000A0000000
 002070   63031196901   420266            1   001   141120   00   000000   0   000000001119757   000   000000000000000   000   000000000000000      000000000000000000   000   000000001119757   0   0000000000   A   0   0000000000   A   000000   000000   000000000000000   000000000000000   0000A0000000
 002070   65614550001   180125            1   001   191120   00   000000   0   000000000000000   000   000000000000000   000   000000000000000      000000000000698032   000   000000000698032   0   0000000000   A   0   0000000000   A   000000   000000   000000000000000   000000000000000   0000A0000000
 002070   63106117603   420266            1   001   201120   00   000000   0   000000000000000   000   000000000000000   000   000000000000000      000000000001138233   000   000000001138233   0   0000000000   A   0   0000000000   A   000000   000000   000000000000000   000000000000000   0000A0000000
 002070   63166407503   420266            1   001   221120   00   000000   0   000000000000000   000   000000000000000   000   000000000000000      000000000001153586   000   000000001153586   0   0000000000   A   0   0000000000   A   000000   000000   000000000000000   000000000000000   0000A0000000
 002070   63097722302   420266            1   001   221120   00   000000   0   000000000000000   000   000000000000000   000   000000000000000      000000000001119757   000   000000001119757   0   0000000000   A   0   0000000000   A   000000   000000   000000000000000   000000000000000   0000A0000000
 002070   63152963102   420266            1   001   281120   00   000000   0   000000000000000   000   000000000000000   000   000000000000000      000000000001138233   000   000000001138233   0   0000000000   A   0   0000000000   A   000000   000000   000000000000000   000000000000000   0000A0000000
 002070   61841113402   420266            1   001   141120   00   000000   0   000000000000000   000   000000000000000   000   000000000000000      000000000001138233   000   000000001138233   0   0000000000   A   0   0000000000   A   000000   000000   000000000000000   000000000000000   0000A0000000
