 002070   62164951001   DES00195          1   005   250120   00   000000   0   000000000000000   000   000000000000000   000   000000000000000      000000000001027976   000   000000005139882   0   0000000000   A   0   0000000000   A   000000   000000   000000000000000   000000000000000   0000A0000000
 002070   62164951001   DES00198          1   001   270120   00   000000   0   000000000000000   000   000000000000000   000   000000000000000      000000000001027976   000   000000001027976   0   0000000000   A   0   0000000000   A   000000   000000   000000000000000   000000000000000   0000A0000000
 002070   15202810701   58606X1           1   001   030220   00   000000   0   000000000000000   000   000000000000000   000   000000000000000      000000000000377380   000   000000000377380   0   0000000000   A   0   0000000000   A   000000   000000   000000000000000   000000000000000   0000A0000000
 002070   62457749901   34031X1           1   001   040220   00   000000   0   000000000000000   000   000000000000000   000   000000000000000      000000000001110531   000   000000001110531   0   0000000000   A   0   0000000000   A   000000   000000   000000000000000   000000000000000   0000A0000000
 002070   62457749901   53609X1           1   001   040220   00   000000   0   000000000000000   000   000000000000000   000   000000000000000      000000000002339334   000   000000002339334   0   0000000000   A   0   0000000000   A   000000   000000   000000000000000   000000000000000   0000A0000000
 002070   22204268104   58373X1           1   001   130220   00   000000   0   000000000000000   000   000000000000000   000   000000000000000      000000000000320926   000   000000000320926   0   0000000000   A   0   0000000000   A   000000   000000   000000000000000   000000000000000   0000A0000000
 002070   22204268104   32583X1           1   001   130220   00   000000   0   000000000000000   000   000000000000000   000   000000000000000      000000000000747275   000   000000000747275   0   0000000000   A   0   0000000000   A   000000   000000   000000000000000   000000000000000   0000A0000000
 002070   22204268104   41926X1           1   001   130220   00   000000   0   000000000000000   000   000000000000000   000   000000000000000      000000000000559741   000   000000000559741   0   0000000000   A   0   0000000000   A   000000   000000   000000000000000   000000000000000   0000A0000000
 002070   00000000000   34031X1           1   001   200220   00   000000   0   000000000000000   000   000000000000000   000   000000000000000      000000000001110531   000   000000001110531   0   0000000000   A   0   0000000000   A   000000   000000   000000000000000   000000000000000   0000A0000000
 002070   00000000000   53609X1           1   001   200220   00   000000   0   000000000000000   000   000000000000000   000   000000000000000      000000000002339334   000   000000002339334   0   0000000000   A   0   0000000000   A   000000   000000   000000000000000   000000000000000   0000A0000000
 002070   00000000000   58606X1           1   001   200220   00   000000   0   000000000000000   000   000000000000000   000   000000000000000      000000000000433987   000   000000000433987   0   0000000000   A   0   0000000000   A   000000   000000   000000000000000   000000000000000   0000A0000000
 002070   62164951001   121926            1   001   250120   00   000000   0   000000001091932   000   000000000000000   000   000000000000000      000000000006909800   000   000000008001732   0   0000000000   A   0   0000000000   A   000000   000000   000000000000000   000000000000000   0000A0000000
 002070   15202810701   420266            1   001   030220   00   000000   0   000000000000000   000   000000000000000   000   000000000000000      000000000001205058   000   000000001205058   0   0000000000   A   0   0000000000   A   000000   000000   000000000000000   000000000000000   0000A0000000
 002070   62457749901   420266            1   001   040220   00   000000   0   000000000000000   000   000000000000000   000   000000000000000      000000000001205058   000   000000001205058   0   0000000000   A   0   0000000000   A   000000   000000   000000000000000   000000000000000   0000A0000000
 002070   62029296101   420266            1   001   100220   00   000000   0   000000000000000   000   000000000000000   000   000000000000000      000000000001221313   000   000000001221313   0   0000000000   A   0   0000000000   A   000000   000000   000000000000000   000000000000000   0000A0000000
 002070   22204268104   420266            1   001   130220   00   000000   0   000000000000000   000   000000000000000   000   000000000000000      000000000001205058   000   000000001205058   0   0000000000   A   0   0000000000   A   000000   000000   000000000000000   000000000000000   0000A0000000
 002070   00000000000   420266            1   001   200220   00   000000   0   000000000000000   000   000000000000000   000   000000000000000      000000000001205058   000   000000001205058   0   0000000000   A   0   0000000000   A   000000   000000   000000000000000   000000000000000   0000A0000000
 002070   15205714002   420266            1   001   230220   00   000000   0   000000000000000   000   000000000000000   000   000000000000000      000000000001205058   000   000000001205058   0   0000000000   A   0   0000000000   A   000000   000000   000000000000000   000000000000000   0000A0000000
 002070   62931241801   420266            1   001   250220   00   000000   0   000000000000000   000   000000000000000   000   000000000000000      000000000001205058   000   000000001205058   0   0000000000   A   0   0000000000   A   000000   000000   000000000000000   000000000000000   0000A0000000
 002070   30700053896   420266            1   001   250220   00   000000   0   000000000000000   000   000000000000000   000   000000000000000      000000000001205058   000   000000001205058   0   0000000000   A   0   0000000000   A   000000   000000   000000000000000   000000000000000   0000A0000000
