 002070   62033037501   100607            3   001   120220   00   000000   0   000000000000000   000   000000000000000   000   000000000000000      000000000020721351   000   000000020721351   0   0000000000   A   0   0000000000   A   000000   000000   000000000000000   000000000000000   0000A0000000
 002070   62033037501   431101            1   001   120220   00   000000   0   000000000000000   000   000000000000000   000   000000000000000      000000000001095531   000   000000001095531   0   0000000000   A   0   0000000000   A   000000   000000   000000000000000   000000000000000   0000A0000000
 002070   62638219904   031007            3   001   200220   00   000000   0   000000000000000   000   000000000000000   000   000000000000000      000000000015497481   000   000000015497481   0   0000000000   A   0   0000000000   A   000000   000000   000000000000000   000000000000000   0000A0000000
 002070   62638219904   431101            1   001   200220   00   000000   0   000000000000000   000   000000000000000   000   000000000000000      000000000001095531   000   000000001095531   0   0000000000   A   0   0000000000   A   000000   000000   000000000000000   000000000000000   0000A0000000
 002070   62033037501   DES00209          1   001   120220   00   000000   0   000000000000000   000   000000000000000   000   000000000000000      000000000003937500   000   000000003937500   0   0000000000   A   0   0000000000   A   000000   000000   000000000000000   000000000000000   0000A0000000
 002070   62033037501   15010X1           1   001   120220   00   000000   0   000000000000000   000   000000000000000   000   000000000000000      000000000001593900   000   000000001593900   0   0000000000   A   0   0000000000   A   000000   000000   000000000000000   000000000000000   0000A0000000
 002070   62033037501   18163X1           1   001   120220   00   000000   0   000000000000000   000   000000000000000   000   000000000000000      000000000001359000   000   000000001359000   0   0000000000   A   0   0000000000   A   000000   000000   000000000000000   000000000000000   0000A0000000
 002070   62033037501   DES00052          1   001   120220   00   000000   0   000000000000000   000   000000000000000   000   000000000000000      000000000003420873   000   000000003420873   0   0000000000   A   0   0000000000   A   000000   000000   000000000000000   000000000000000   0000A0000000
 002070   62033037501   55439X1           1   001   120220   00   000000   0   000000000000000   000   000000000000000   000   000000000000000      000000000003580687   000   000000003580687   0   0000000000   A   0   0000000000   A   000000   000000   000000000000000   000000000000000   0000A0000000
 002070   62033037501   58689X1           1   001   120220   00   000000   0   000000000000000   000   000000000000000   000   000000000000000      000000000003503563   000   000000003503563   0   0000000000   A   0   0000000000   A   000000   000000   000000000000000   000000000000000   0000A0000000
 002070   62033037501   45332X1           1   001   120220   00   000000   0   000000000000000   000   000000000000000   000   000000000000000      000000000001517451   000   000000001517451   0   0000000000   A   0   0000000000   A   000000   000000   000000000000000   000000000000000   0000A0000000
 002070   62033037501   34031X1           1   001   120220   00   000000   0   000000000000000   000   000000000000000   000   000000000000000      000000000001110531   000   000000001110531   0   0000000000   A   0   0000000000   A   000000   000000   000000000000000   000000000000000   0000A0000000
 002070   62033037501   58606X1           1   001   120220   00   000000   0   000000000000000   000   000000000000000   000   000000000000000      000000000000433987   000   000000000433987   0   0000000000   A   0   0000000000   A   000000   000000   000000000000000   000000000000000   0000A0000000
 002070   62033037501   58373X1           1   001   120220   00   000000   0   000000000000000   000   000000000000000   000   000000000000000      000000000000353019   000   000000000353019   0   0000000000   A   0   0000000000   A   000000   000000   000000000000000   000000000000000   0000A0000000
 002070   62033037501   49924X1           1   001   120220   00   000000   0   000000000000000   000   000000000000000   000   000000000000000      000000000001358095   000   000000001358095   0   0000000000   A   0   0000000000   A   000000   000000   000000000000000   000000000000000   0000A0000000
 002070   62033037501   DES00009          1   001   120220   00   000000   0   000000000000000   000   000000000000000   000   000000000000000      000000000000193991   000   000000000193991   0   0000000000   A   0   0000000000   A   000000   000000   000000000000000   000000000000000   0000A0000000
 002070   62033037501   DES00017          1   001   120220   00   000000   0   000000000000000   000   000000000000000   000   000000000000000      000000000000382801   000   000000000382801   0   0000000000   A   0   0000000000   A   000000   000000   000000000000000   000000000000000   0000A0000000
 002070   62033037501   DES00026          1   005   120220   00   000000   0   000000000000000   000   000000000000000   000   000000000000000      000000000000047855   000   000000000239274   0   0000000000   A   0   0000000000   A   000000   000000   000000000000000   000000000000000   0000A0000000
 002070   62033037501   DES00041          1   001   120220   00   000000   0   000000000000000   000   000000000000000   000   000000000000000      000000000000381150   000   000000000381150   0   0000000000   A   0   0000000000   A   000000   000000   000000000000000   000000000000000   0000A0000000
 002070   62033037501   DES00045          1   001   120220   00   000000   0   000000000000000   000   000000000000000   000   000000000000000      000000000000168489   000   000000000168489   0   0000000000   A   0   0000000000   A   000000   000000   000000000000000   000000000000000   0000A0000000
 002070   62033037501   DES00089          1   001   120220   00   000000   0   000000000000000   000   000000000000000   000   000000000000000      000000000000366932   000   000000000366932   0   0000000000   A   0   0000000000   A   000000   000000   000000000000000   000000000000000   0000A0000000
 002070   62638219904   DES00216          1   001   200220   00   000000   0   000000000000000   000   000000000000000   000   000000000000000      000000000003937500   000   000000003937500   0   0000000000   A   0   0000000000   A   000000   000000   000000000000000   000000000000000   0000A0000000
 002070   62638219904   DES00052          1   001   200220   00   000000   0   000000000000000   000   000000000000000   000   000000000000000      000000000003420873   000   000000003420873   0   0000000000   A   0   0000000000   A   000000   000000   000000000000000   000000000000000   0000A0000000
 002070   62638219904   15010X1           1   001   200220   00   000000   0   000000000000000   000   000000000000000   000   000000000000000      000000000001593900   000   000000001593900   0   0000000000   A   0   0000000000   A   000000   000000   000000000000000   000000000000000   0000A0000000
 002070   62638219904   18163X1           1   001   200220   00   000000   0   000000000000000   000   000000000000000   000   000000000000000      000000000001359000   000   000000001359000   0   0000000000   A   0   0000000000   A   000000   000000   000000000000000   000000000000000   0000A0000000
 002070   62638219904   14916X1           1   015   200220   00   000000   0   000000000000000   000   000000000000000   000   000000000000000      000000000000165190   000   000000002477844   0   0000000000   A   0   0000000000   A   000000   000000   000000000000000   000000000000000   0000A0000000
 002070   62638219904   55439X1           1   001   200220   00   000000   0   000000000000000   000   000000000000000   000   000000000000000      000000000003580687   000   000000003580687   0   0000000000   A   0   0000000000   A   000000   000000   000000000000000   000000000000000   0000A0000000
 002070   62638219904   DES00029          1   001   200220   00   000000   0   000000000000000   000   000000000000000   000   000000000000000      000000000000594156   000   000000000594156   0   0000000000   A   0   0000000000   A   000000   000000   000000000000000   000000000000000   0000A0000000
 002070   62638219904   DES00023          1   001   200220   00   000000   0   000000000000000   000   000000000000000   000   000000000000000      000000000000618195   000   000000000618195   0   0000000000   A   0   0000000000   A   000000   000000   000000000000000   000000000000000   0000A0000000
 002070   62638219904   DES00009          1   001   200220   00   000000   0   000000000000000   000   000000000000000   000   000000000000000      000000000000193991   000   000000000193991   0   0000000000   A   0   0000000000   A   000000   000000   000000000000000   000000000000000   0000A0000000
 002070   62638219904   DES00026          1   005   200220   00   000000   0   000000000000000   000   000000000000000   000   000000000000000      000000000000047855   000   000000000239274   0   0000000000   A   0   0000000000   A   000000   000000   000000000000000   000000000000000   0000A0000000
