 002070   15203507301   430185            2   001   131120   00   000000   0   000000000000000   000   000000000000000   000   000000000000000      000000000007069283   000   000000007069283   0   0000000000   A   0   0000000000   A   000000   000000   000000000000000   000000000000000   0000A0000000
 002070   00000000000   430185            2   001   201120   00   000000   0   000000000000000   000   000000000000000   000   000000000000000      000000000007069283   000   000000007069283   0   0000000000   A   0   0000000000   A   000000   000000   000000000000000   000000000000000   0000A0000000
 002070   00000000000   430185            2   001   201120   00   000000   0   000000000000000   000   000000000000000   000   000000000000000      000000000007185926   000   000000007185926   0   0000000000   A   0   0000000000   A   000000   000000   000000000000000   000000000000000   0000A0000000
 002070   62105973001   430171            2   001   251120   00   000000   0   000000000000000   000   000000000000000   000   000000000000000      000000000020404123   000   000000020404123   0   0000000000   A   0   0000000000   A   000000   000000   000000000000000   000000000000000   0000A0000000
 002070   62105973001   080709            2   001   251120   00   000000   0   000000000000000   000   000000000000000   000   000000000000000      000000000044572183   000   000000044572183   0   0000000000   A   0   0000000000   A   000000   000000   000000000000000   000000000000000   0000A0000000
 002070   62105973001   431101            2   001   251120   00   000000   0   000000000000000   000   000000000000000   000   000000000000000      000000000001034779   000   000000001034779   0   0000000000   A   0   0000000000   A   000000   000000   000000000000000   000000000000000   0000A0000000
 002070   62105973001   20172X1           2   001   251120   00   000000   0   000000000000000   000   000000000000000   000   000000000000000      000000000003102075   000   000000003102075   0   0000000000   A   0   0000000000   A   000000   000000   000000000000000   000000000000000   0000A0000000
 002070   62105973001   52001X1           2   001   251120   00   000000   0   000000000000000   000   000000000000000   000   000000000000000      000000000002826548   000   000000002826548   0   0000000000   A   0   0000000000   A   000000   000000   000000000000000   000000000000000   0000A0000000
 002070   62105973001   15010X1           2   001   251120   00   000000   0   000000000000000   000   000000000000000   000   000000000000000      000000000001469160   000   000000001469160   0   0000000000   A   0   0000000000   A   000000   000000   000000000000000   000000000000000   0000A0000000
 002070   62105973001   DES00038          2   001   251120   00   000000   0   000000000000000   000   000000000000000   000   000000000000000      000000000009450000   000   000000009450000   0   0000000000   A   0   0000000000   A   000000   000000   000000000000000   000000000000000   0000A0000000
 002070   62105973001   55439X1           2   004   251120   00   000000   0   000000000000000   000   000000000000000   000   000000000000000      000000000002125846   000   000000008503384   0   0000000000   A   0   0000000000   A   000000   000000   000000000000000   000000000000000   0000A0000000
 002070   62105973001   14916X1           2   030   251120   00   000000   0   000000000000000   000   000000000000000   000   000000000000000      000000000000154522   000   000000004635657   0   0000000000   A   0   0000000000   A   000000   000000   000000000000000   000000000000000   0000A0000000
 002070   62105973001   19428X1           2   001   251120   00   000000   0   000000000000000   000   000000000000000   000   000000000000000      000000000000391270   000   000000000391270   0   0000000000   A   0   0000000000   A   000000   000000   000000000000000   000000000000000   0000A0000000
 002070   62105973001   32583X1           2   001   251120   00   000000   0   000000000000000   000   000000000000000   000   000000000000000      000000000000747275   000   000000000747275   0   0000000000   A   0   0000000000   A   000000   000000   000000000000000   000000000000000   0000A0000000
 002070   62105973001   58689X1           2   001   251120   00   000000   0   000000000000000   000   000000000000000   000   000000000000000      000000000003336728   000   000000003336728   0   0000000000   A   0   0000000000   A   000000   000000   000000000000000   000000000000000   0000A0000000
 002070   62105973001   45332X1           2   001   251120   00   000000   0   000000000000000   000   000000000000000   000   000000000000000      000000000001354867   000   000000001354867   0   0000000000   A   0   0000000000   A   000000   000000   000000000000000   000000000000000   0000A0000000
 002070   62105973001   58606X1           2   002   251120   00   000000   0   000000000000000   000   000000000000000   000   000000000000000      000000000000377380   000   000000000754760   0   0000000000   A   0   0000000000   A   000000   000000   000000000000000   000000000000000   0000A0000000
 002070   62105973001   58373X1           2   001   251120   00   000000   0   000000000000000   000   000000000000000   000   000000000000000      000000000000320926   000   000000000320926   0   0000000000   A   0   0000000000   A   000000   000000   000000000000000   000000000000000   0000A0000000
 002070   62105973001   49924X1           2   002   251120   00   000000   0   000000000000000   000   000000000000000   000   000000000000000      000000000001358094   000   000000002716189   0   0000000000   A   0   0000000000   A   000000   000000   000000000000000   000000000000000   0000A0000000
 002070   62105973001   18910X1           2   004   251120   00   000000   0   000000000000000   000   000000000000000   000   000000000000000      000000000001543022   000   000000006172088   0   0000000000   A   0   0000000000   A   000000   000000   000000000000000   000000000000000   0000A0000000
 002070   62105973001   DES00026          2   005   251120   00   000000   0   000000000000000   000   000000000000000   000   000000000000000      000000000000047855   000   000000000239274   0   0000000000   A   0   0000000000   A   000000   000000   000000000000000   000000000000000   0000A0000000
 002070   62105973001   DES00040          2   001   251120   00   000000   0   000000000000000   000   000000000000000   000   000000000000000      000000000000381150   000   000000000381150   0   0000000000   A   0   0000000000   A   000000   000000   000000000000000   000000000000000   0000A0000000
 002070   62105973001   DES00052          2   001   251120   00   000000   0   000000000000000   000   000000000000000   000   000000000000000      000000000003420873   000   000000003420873   0   0000000000   A   0   0000000000   A   000000   000000   000000000000000   000000000000000   0000A0000000
 002070   62105973001   DES00054          2   001   251120   00   000000   0   000000000000000   000   000000000000000   000   000000000000000      000000000000381150   000   000000000381150   0   0000000000   A   0   0000000000   A   000000   000000   000000000000000   000000000000000   0000A0000000
 002070   15203507301   DES00017          2   001   131120   00   000000   0   000000000000000   000   000000000000000   000   000000000000000      000000000000382801   000   000000000382801   0   0000000000   A   0   0000000000   A   000000   000000   000000000000000   000000000000000   0000A0000000
 002070   15203507301   DES00040          2   001   131120   00   000000   0   000000000000000   000   000000000000000   000   000000000000000      000000000000381150   000   000000000381150   0   0000000000   A   0   0000000000   A   000000   000000   000000000000000   000000000000000   0000A0000000
 002070   15203507301   DES00045          2   001   131120   00   000000   0   000000000000000   000   000000000000000   000   000000000000000      000000000000168489   000   000000000168489   0   0000000000   A   0   0000000000   A   000000   000000   000000000000000   000000000000000   0000A0000000
 002070   15203507301   DES00054          2   001   131120   00   000000   0   000000000000000   000   000000000000000   000   000000000000000      000000000000381150   000   000000000381150   0   0000000000   A   0   0000000000   A   000000   000000   000000000000000   000000000000000   0000A0000000
 002070   15203507301   55439X1           2   001   131120   00   000000   0   000000000000000   000   000000000000000   000   000000000000000      000000000002125846   000   000000002125846   0   0000000000   A   0   0000000000   A   000000   000000   000000000000000   000000000000000   0000A0000000
 002070   15203507301   DES00018          2   001   131120   00   000000   0   000000000000000   000   000000000000000   000   000000000000000      000000000000382801   000   000000000382801   0   0000000000   A   0   0000000000   A   000000   000000   000000000000000   000000000000000   0000A0000000
 002070   15203507301   DES00055          2   001   131120   00   000000   0   000000000000000   000   000000000000000   000   000000000000000      000000000001184071   000   000000001184071   0   0000000000   A   0   0000000000   A   000000   000000   000000000000000   000000000000000   0000A0000000
 002070   15203507301   DES00053          2   001   131120   00   000000   0   000000000000000   000   000000000000000   000   000000000000000      000000000002472750   000   000000002472750   0   0000000000   A   0   0000000000   A   000000   000000   000000000000000   000000000000000   0000A0000000
 002070   15203507301   DES00056          2   001   131120   00   000000   0   000000000000000   000   000000000000000   000   000000000000000      000000000004095457   000   000000004095457   0   0000000000   A   0   0000000000   A   000000   000000   000000000000000   000000000000000   0000A0000000
 002070   15203507301   41796X1           2   001   131120   00   000000   0   000000000000000   000   000000000000000   000   000000000000000      000000000004172044   000   000000004172044   0   0000000000   A   0   0000000000   A   000000   000000   000000000000000   000000000000000   0000A0000000
 002070   62105973001   55442X1           2   003   251120   00   000000   0   000000000000000   000   000000000000000   000   000000000000000      000000000004098341   000   000000012295022   0   0000000000   A   0   0000000000   A   000000   000000   000000000000000   000000000000000   0000A0000000
 002070   62105973001   55436X1           2   002   251120   00   000000   0   000000000000000   000   000000000000000   000   000000000000000      000000000006334137   000   000000012668274   0   0000000000   A   0   0000000000   A   000000   000000   000000000000000   000000000000000   0000A0000000
 002070   62105973001   58606X1           2   003   251120   00   000000   0   000000000000000   000   000000000000000   000   000000000000000      000000000000377380   000   000000001132140   0   0000000000   A   0   0000000000   A   000000   000000   000000000000000   000000000000000   0000A0000000
 002070   62105973001   58373X1           2   003   251120   00   000000   0   000000000000000   000   000000000000000   000   000000000000000      000000000000320927   000   000000000962780   0   0000000000   A   0   0000000000   A   000000   000000   000000000000000   000000000000000   0000A0000000
 002070   62105973001   29366X1           2   003   251120   00   000000   0   000000000000000   000   000000000000000   000   000000000000000      000000000000436585   000   000000001309756   0   0000000000   A   0   0000000000   A   000000   000000   000000000000000   000000000000000   0000A0000000
 002070   62105973001   55442X1           2   001   261120   00   000000   0   000000000000000   000   000000000000000   000   000000000000000      000000000004098341   000   000000004098341   0   0000000000   A   0   0000000000   A   000000   000000   000000000000000   000000000000000   0000A0000000
 002070   62105973001   55436X1           2   001   261120   00   000000   0   000000000000000   000   000000000000000   000   000000000000000      000000000006334137   000   000000006334137   0   0000000000   A   0   0000000000   A   000000   000000   000000000000000   000000000000000   0000A0000000
 002070   62105973001   58606X1           2   003   261120   00   000000   0   000000000000000   000   000000000000000   000   000000000000000      000000000000377380   000   000000001132140   0   0000000000   A   0   0000000000   A   000000   000000   000000000000000   000000000000000   0000A0000000
 002070   62105973001   58373X1           2   001   261120   00   000000   0   000000000000000   000   000000000000000   000   000000000000000      000000000000320926   000   000000000320926   0   0000000000   A   0   0000000000   A   000000   000000   000000000000000   000000000000000   0000A0000000
 002070   62105973001   29366X1           2   001   261120   00   000000   0   000000000000000   000   000000000000000   000   000000000000000      000000000000436586   000   000000000436586   0   0000000000   A   0   0000000000   A   000000   000000   000000000000000   000000000000000   0000A0000000
