 002070   62977683001   430185            2   001   041120   00   000000   0   000000000000000   000   000000000000000   000   000000000000000      000000000007185926   000   000000007185926   0   0000000000   A   0   0000000000   A   000000   000000   000000000000000   000000000000000   0000A0000000
 002070   63022878601   430171            2   001   061120   00   000000   0   000000000000000   000   000000000000000   000   000000000000000      000000000020404123   000   000000020404123   0   0000000000   A   0   0000000000   A   000000   000000   000000000000000   000000000000000   0000A0000000
 002070   15205777801   430185            2   001   071120   00   000000   0   000000000000000   000   000000000000000   000   000000000000000      000000000007185926   000   000000007185926   0   0000000000   A   0   0000000000   A   000000   000000   000000000000000   000000000000000   0000A0000000
 002070   63215152701   430171            2   003   081120   00   000000   0   000000000000000   000   000000000000000   000   000000000000000      000000000020072920   000   000000060218760   0   0000000000   A   0   0000000000   A   000000   000000   000000000000000   000000000000000   0000A0000000
 002070   63209837503   430171            2   001   111120   00   000000   0   000000000000000   000   000000000000000   000   000000000000000      000000000020404123   000   000000020404123   0   0000000000   A   0   0000000000   A   000000   000000   000000000000000   000000000000000   0000A0000000
 002070   00000000000   430185            2   001   141120   00   000000   0   000000000000000   000   000000000000000   000   000000000000000      000000000007069283   000   000000007069283   0   0000000000   A   0   0000000000   A   000000   000000   000000000000000   000000000000000   0000A0000000
 002070   62977683001   430171            2   001   171120   00   000000   0   000000000000000   000   000000000000000   000   000000000000000      000000000020072920   000   000000020072920   0   0000000000   A   0   0000000000   A   000000   000000   000000000000000   000000000000000   0000A0000000
 002070   62732885601   430171            2   001   201120   00   000000   0   000000000000000   000   000000000000000   000   000000000000000      000000000020072920   000   000000020072920   0   0000000000   A   0   0000000000   A   000000   000000   000000000000000   000000000000000   0000A0000000
 002070   63106117603   430185            2   001   201120   00   000000   0   000000000000000   000   000000000000000   000   000000000000000      000000000007069283   000   000000007069283   0   0000000000   A   0   0000000000   A   000000   000000   000000000000000   000000000000000   0000A0000000
 002070   62845254203   031301            2   001   061120   00   000000   0   000000000000000   000   000000000000000   000   000000000000000      000000000017927557   000   000000017927557   0   0000000000   A   0   0000000000   A   000000   000000   000000000000000   000000000000000   0000A0000000
 002070   62845254203   431101            2   001   061120   00   000000   0   000000000000000   000   000000000000000   000   000000000000000      000000000001034779   000   000000001034779   0   0000000000   A   0   0000000000   A   000000   000000   000000000000000   000000000000000   0000A0000000
 002070   63022878601   100103            2   001   061120   00   000000   0   000000000000000   000   000000000000000   000   000000000000000      000000000039487269   000   000000039487269   0   0000000000   A   0   0000000000   A   000000   000000   000000000000000   000000000000000   0000A0000000
 002070   63209837503   100709            2   001   111120   00   000000   0   000000000000000   000   000000000000000   000   000000000000000      000000000019407814   000   000000019407814   0   0000000000   A   0   0000000000   A   000000   000000   000000000000000   000000000000000   0000A0000000
 002070   62732885601   080709            2   001   201120   00   000000   0   000000000000000   000   000000000000000   000   000000000000000      000000000043848613   000   000000043848613   0   0000000000   A   0   0000000000   A   000000   000000   000000000000000   000000000000000   0000A0000000
 002070   62732885601   431101            2   001   201120   00   000000   0   000000000000000   000   000000000000000   000   000000000000000      000000000001017982   000   000000001017982   0   0000000000   A   0   0000000000   A   000000   000000   000000000000000   000000000000000   0000A0000000
 002070   62845254203   DES00070          2   001   061120   00   000000   0   000000000000000   000   000000000000000   000   000000000000000      000000000000452970   000   000000000452970   0   0000000000   A   0   0000000000   A   000000   000000   000000000000000   000000000000000   0000A0000000
 002070   62845254203   18164X1           2   001   061120   00   000000   0   000000000000000   000   000000000000000   000   000000000000000      000000000001464300   000   000000001464300   0   0000000000   A   0   0000000000   A   000000   000000   000000000000000   000000000000000   0000A0000000
 002070   62845254203   52001X1           2   001   061120   00   000000   0   000000000000000   000   000000000000000   000   000000000000000      000000000002826548   000   000000002826548   0   0000000000   A   0   0000000000   A   000000   000000   000000000000000   000000000000000   0000A0000000
 002070   62845254203   14916X1           2   015   061120   00   000000   0   000000000000000   000   000000000000000   000   000000000000000      000000000000154522   000   000000002317828   0   0000000000   A   0   0000000000   A   000000   000000   000000000000000   000000000000000   0000A0000000
 002070   62845254203   55439X1           2   002   061120   00   000000   0   000000000000000   000   000000000000000   000   000000000000000      000000000002125846   000   000000004251692   0   0000000000   A   0   0000000000   A   000000   000000   000000000000000   000000000000000   0000A0000000
 002070   62845254203   20172X1           2   001   061120   00   000000   0   000000000000000   000   000000000000000   000   000000000000000      000000000003102075   000   000000003102075   0   0000000000   A   0   0000000000   A   000000   000000   000000000000000   000000000000000   0000A0000000
 002070   62845254203   34031X1           2   001   061120   00   000000   0   000000000000000   000   000000000000000   000   000000000000000      000000000000989161   000   000000000989161   0   0000000000   A   0   0000000000   A   000000   000000   000000000000000   000000000000000   0000A0000000
 002070   62845254203   58373X1           2   001   061120   00   000000   0   000000000000000   000   000000000000000   000   000000000000000      000000000000320926   000   000000000320926   0   0000000000   A   0   0000000000   A   000000   000000   000000000000000   000000000000000   0000A0000000
 002070   62845254203   18910X1           2   002   061120   00   000000   0   000000000000000   000   000000000000000   000   000000000000000      000000000001543022   000   000000003086044   0   0000000000   A   0   0000000000   A   000000   000000   000000000000000   000000000000000   0000A0000000
 002070   62845254203   DES00026          2   005   061120   00   000000   0   000000000000000   000   000000000000000   000   000000000000000      000000000000047855   000   000000000239274   0   0000000000   A   0   0000000000   A   000000   000000   000000000000000   000000000000000   0000A0000000
 002070   62845254203   DES00084          2   001   061120   00   000000   0   000000000000000   000   000000000000000   000   000000000000000      000000000000320440   000   000000000320440   0   0000000000   A   0   0000000000   A   000000   000000   000000000000000   000000000000000   0000A0000000
 002070   63022878601   22323X1           2   001   061120   00   000000   0   000000000000000   000   000000000000000   000   000000000000000      000000000001781301   000   000000001781301   0   0000000000   A   0   0000000000   A   000000   000000   000000000000000   000000000000000   0000A0000000
 002070   63022878601   18168X1           2   001   061120   00   000000   0   000000000000000   000   000000000000000   000   000000000000000      000000000000743400   000   000000000743400   0   0000000000   A   0   0000000000   A   000000   000000   000000000000000   000000000000000   0000A0000000
 002070   63022878601   55443X1           2   001   061120   00   000000   0   000000000000000   000   000000000000000   000   000000000000000      000000000004444157   000   000000004444157   0   0000000000   A   0   0000000000   A   000000   000000   000000000000000   000000000000000   0000A0000000
 002070   63022878601   56870X1           2   002   061120   00   000000   0   000000000000000   000   000000000000000   000   000000000000000      000000000003767335   000   000000007534670   0   0000000000   A   0   0000000000   A   000000   000000   000000000000000   000000000000000   0000A0000000
 002070   63022878601   55439X1           2   003   061120   00   000000   0   000000000000000   000   000000000000000   000   000000000000000      000000000002125846   000   000000006377538   0   0000000000   A   0   0000000000   A   000000   000000   000000000000000   000000000000000   0000A0000000
 002070   63022878601   57916X1           2   001   061120   00   000000   0   000000000000000   000   000000000000000   000   000000000000000      000000000003123000   000   000000003123000   0   0000000000   A   0   0000000000   A   000000   000000   000000000000000   000000000000000   0000A0000000
 002070   63022878601   60196X1           2   001   061120   00   000000   0   000000000000000   000   000000000000000   000   000000000000000      000000000001640790   000   000000001640790   0   0000000000   A   0   0000000000   A   000000   000000   000000000000000   000000000000000   0000A0000000
 002070   63022878601   34031X1           2   001   061120   00   000000   0   000000000000000   000   000000000000000   000   000000000000000      000000000000989161   000   000000000989161   0   0000000000   A   0   0000000000   A   000000   000000   000000000000000   000000000000000   0000A0000000
 002070   63022878601   58606X1           2   002   061120   00   000000   0   000000000000000   000   000000000000000   000   000000000000000      000000000000377380   000   000000000754760   0   0000000000   A   0   0000000000   A   000000   000000   000000000000000   000000000000000   0000A0000000
 002070   63022878601   58373X1           2   001   061120   00   000000   0   000000000000000   000   000000000000000   000   000000000000000      000000000000320926   000   000000000320926   0   0000000000   A   0   0000000000   A   000000   000000   000000000000000   000000000000000   0000A0000000
 002070   63022878601   49924X1           2   001   061120   00   000000   0   000000000000000   000   000000000000000   000   000000000000000      000000000001358095   000   000000001358095   0   0000000000   A   0   0000000000   A   000000   000000   000000000000000   000000000000000   0000A0000000
 002070   63022878601   DES00026          2   005   061120   00   000000   0   000000000000000   000   000000000000000   000   000000000000000      000000000000047855   000   000000000239274   0   0000000000   A   0   0000000000   A   000000   000000   000000000000000   000000000000000   0000A0000000
 002070   62977683001   58689X1           2   002   071120   00   000000   0   000000000000000   000   000000000000000   000   000000000000000      000000000003336728   000   000000006673455   0   0000000000   A   0   0000000000   A   000000   000000   000000000000000   000000000000000   0000A0000000
 002070   62977683001   31837X1           2   002   071120   00   000000   0   000000000000000   000   000000000000000   000   000000000000000      000000000001140764   000   000000002281527   0   0000000000   A   0   0000000000   A   000000   000000   000000000000000   000000000000000   0000A0000000
 002070   62977683001   DES00009          2   001   071120   00   000000   0   000000000000000   000   000000000000000   000   000000000000000      000000000000193991   000   000000000193991   0   0000000000   A   0   0000000000   A   000000   000000   000000000000000   000000000000000   0000A0000000
 002070   62977683001   55439X1           2   001   071120   00   000000   0   000000000000000   000   000000000000000   000   000000000000000      000000000002125846   000   000000002125846   0   0000000000   A   0   0000000000   A   000000   000000   000000000000000   000000000000000   0000A0000000
 002070   62977683001   DES00045          2   001   071120   00   000000   0   000000000000000   000   000000000000000   000   000000000000000      000000000000168489   000   000000000168489   0   0000000000   A   0   0000000000   A   000000   000000   000000000000000   000000000000000   0000A0000000
 002070   63209837503   55439X1           2   003   111120   00   000000   0   000000000000000   000   000000000000000   000   000000000000000      000000000002125846   000   000000006377538   0   0000000000   A   0   0000000000   A   000000   000000   000000000000000   000000000000000   0000A0000000
 002070   63209837503   19428X1           2   001   111120   00   000000   0   000000000000000   000   000000000000000   000   000000000000000      000000000000391270   000   000000000391270   0   0000000000   A   0   0000000000   A   000000   000000   000000000000000   000000000000000   0000A0000000
 002070   63209837503   57916X1           2   001   111120   00   000000   0   000000000000000   000   000000000000000   000   000000000000000      000000000003123000   000   000000003123000   0   0000000000   A   0   0000000000   A   000000   000000   000000000000000   000000000000000   0000A0000000
 002070   63209837503   60196X1           2   001   111120   00   000000   0   000000000000000   000   000000000000000   000   000000000000000      000000000001640790   000   000000001640790   0   0000000000   A   0   0000000000   A   000000   000000   000000000000000   000000000000000   0000A0000000
 002070   63209837503   31837X1           2   001   111120   00   000000   0   000000000000000   000   000000000000000   000   000000000000000      000000000001140764   000   000000001140764   0   0000000000   A   0   0000000000   A   000000   000000   000000000000000   000000000000000   0000A0000000
 002070   63209837503   45332X1           2   001   111120   00   000000   0   000000000000000   000   000000000000000   000   000000000000000      000000000001354867   000   000000001354867   0   0000000000   A   0   0000000000   A   000000   000000   000000000000000   000000000000000   0000A0000000
 002070   63209837503   34031X1           2   001   111120   00   000000   0   000000000000000   000   000000000000000   000   000000000000000      000000000000989161   000   000000000989161   0   0000000000   A   0   0000000000   A   000000   000000   000000000000000   000000000000000   0000A0000000
 002070   63209837503   58606X1           2   001   111120   00   000000   0   000000000000000   000   000000000000000   000   000000000000000      000000000000377380   000   000000000377380   0   0000000000   A   0   0000000000   A   000000   000000   000000000000000   000000000000000   0000A0000000
 002070   63209837503   58373X1           2   001   111120   00   000000   0   000000000000000   000   000000000000000   000   000000000000000      000000000000320926   000   000000000320926   0   0000000000   A   0   0000000000   A   000000   000000   000000000000000   000000000000000   0000A0000000
 002070   63209837503   49924X1           2   001   111120   00   000000   0   000000000000000   000   000000000000000   000   000000000000000      000000000001358095   000   000000001358095   0   0000000000   A   0   0000000000   A   000000   000000   000000000000000   000000000000000   0000A0000000
 002070   63209837503   DES00052          2   001   111120   00   000000   0   000000000000000   000   000000000000000   000   000000000000000      000000000003420873   000   000000003420873   0   0000000000   A   0   0000000000   A   000000   000000   000000000000000   000000000000000   0000A0000000
 002070   62732885601   DES00038          2   001   201120   00   000000   0   000000000000000   000   000000000000000   000   000000000000000      000000000009450000   000   000000009450000   0   0000000000   A   0   0000000000   A   000000   000000   000000000000000   000000000000000   0000A0000000
 002070   62732885601   20172X1           2   001   201120   00   000000   0   000000000000000   000   000000000000000   000   000000000000000      000000000003102075   000   000000003102075   0   0000000000   A   0   0000000000   A   000000   000000   000000000000000   000000000000000   0000A0000000
 002070   62732885601   15010X1           2   001   201120   00   000000   0   000000000000000   000   000000000000000   000   000000000000000      000000000001469160   000   000000001469160   0   0000000000   A   0   0000000000   A   000000   000000   000000000000000   000000000000000   0000A0000000
 002070   62732885601   52001X1           2   001   201120   00   000000   0   000000000000000   000   000000000000000   000   000000000000000      000000000002826548   000   000000002826548   0   0000000000   A   0   0000000000   A   000000   000000   000000000000000   000000000000000   0000A0000000
 002070   62732885601   14916X1           2   025   201120   00   000000   0   000000000000000   000   000000000000000   000   000000000000000      000000000000154522   000   000000003863048   0   0000000000   A   0   0000000000   A   000000   000000   000000000000000   000000000000000   0000A0000000
 002070   62732885601   55439X1           2   004   201120   00   000000   0   000000000000000   000   000000000000000   000   000000000000000      000000000002125846   000   000000008503384   0   0000000000   A   0   0000000000   A   000000   000000   000000000000000   000000000000000   0000A0000000
 002070   62732885601   19428X1           2   001   201120   00   000000   0   000000000000000   000   000000000000000   000   000000000000000      000000000000391270   000   000000000391270   0   0000000000   A   0   0000000000   A   000000   000000   000000000000000   000000000000000   0000A0000000
 002070   62732885601   32583X1           2   001   201120   00   000000   0   000000000000000   000   000000000000000   000   000000000000000      000000000000747275   000   000000000747275   0   0000000000   A   0   0000000000   A   000000   000000   000000000000000   000000000000000   0000A0000000
 002070   62732885601   60196X1           2   001   201120   00   000000   0   000000000000000   000   000000000000000   000   000000000000000      000000000001640790   000   000000001640790   0   0000000000   A   0   0000000000   A   000000   000000   000000000000000   000000000000000   0000A0000000
 002070   62732885601   45332X1           2   001   201120   00   000000   0   000000000000000   000   000000000000000   000   000000000000000      000000000001354867   000   000000001354867   0   0000000000   A   0   0000000000   A   000000   000000   000000000000000   000000000000000   0000A0000000
 002070   62732885601   34031X1           2   001   201120   00   000000   0   000000000000000   000   000000000000000   000   000000000000000      000000000000989161   000   000000000989161   0   0000000000   A   0   0000000000   A   000000   000000   000000000000000   000000000000000   0000A0000000
 002070   62732885601   58606X1           2   002   201120   00   000000   0   000000000000000   000   000000000000000   000   000000000000000      000000000000377380   000   000000000754760   0   0000000000   A   0   0000000000   A   000000   000000   000000000000000   000000000000000   0000A0000000
 002070   62732885601   58373X1           2   001   201120   00   000000   0   000000000000000   000   000000000000000   000   000000000000000      000000000000320926   000   000000000320926   0   0000000000   A   0   0000000000   A   000000   000000   000000000000000   000000000000000   0000A0000000
 002070   62732885601   DES00026          2   005   201120   00   000000   0   000000000000000   000   000000000000000   000   000000000000000      000000000000047855   000   000000000239274   0   0000000000   A   0   0000000000   A   000000   000000   000000000000000   000000000000000   0000A0000000
 002070   62732885601   DES00052          2   001   201120   00   000000   0   000000000000000   000   000000000000000   000   000000000000000      000000000003420873   000   000000003420873   0   0000000000   A   0   0000000000   A   000000   000000   000000000000000   000000000000000   0000A0000000
 002070   62732885601   DES00054          2   001   201120   00   000000   0   000000000000000   000   000000000000000   000   000000000000000      000000000000381150   000   000000000381150   0   0000000000   A   0   0000000000   A   000000   000000   000000000000000   000000000000000   0000A0000000
 002070   63022878601   55439X1           2   003   061120   00   000000   0   000000000000000   000   000000000000000   000   000000000000000      000000000002125846   000   000000006377538   0   0000000000   A   0   0000000000   A   000000   000000   000000000000000   000000000000000   0000A0000000
 002070   63022878601   29366X1           2   003   061120   00   000000   0   000000000000000   000   000000000000000   000   000000000000000      000000000000436585   000   000000001309756   0   0000000000   A   0   0000000000   A   000000   000000   000000000000000   000000000000000   0000A0000000
 002070   63022878601   58606X1           2   002   061120   00   000000   0   000000000000000   000   000000000000000   000   000000000000000      000000000000377380   000   000000000754760   0   0000000000   A   0   0000000000   A   000000   000000   000000000000000   000000000000000   0000A0000000
 002070   63022878601   22323X1           2   002   061120   00   000000   0   000000000000000   000   000000000000000   000   000000000000000      000000000001781300   000   000000003562601   0   0000000000   A   0   0000000000   A   000000   000000   000000000000000   000000000000000   0000A0000000
 002070   62977683001   DES00017          2   001   071120   00   000000   0   000000000000000   000   000000000000000   000   000000000000000      000000000000382801   000   000000000382801   0   0000000000   A   0   0000000000   A   000000   000000   000000000000000   000000000000000   0000A0000000
 002070   62977683001   DES00040          2   001   071120   00   000000   0   000000000000000   000   000000000000000   000   000000000000000      000000000000381150   000   000000000381150   0   0000000000   A   0   0000000000   A   000000   000000   000000000000000   000000000000000   0000A0000000
 002070   62977683001   DES00045          2   001   071120   00   000000   0   000000000000000   000   000000000000000   000   000000000000000      000000000000168489   000   000000000168489   0   0000000000   A   0   0000000000   A   000000   000000   000000000000000   000000000000000   0000A0000000
 002070   62977683001   DES00054          2   001   071120   00   000000   0   000000000000000   000   000000000000000   000   000000000000000      000000000000381150   000   000000000381150   0   0000000000   A   0   0000000000   A   000000   000000   000000000000000   000000000000000   0000A0000000
 002070   62977683001   55439X1           2   001   071120   00   000000   0   000000000000000   000   000000000000000   000   000000000000000      000000000002125846   000   000000002125846   0   0000000000   A   0   0000000000   A   000000   000000   000000000000000   000000000000000   0000A0000000
 002070   62977683001   55439X1           2   002   071120   00   000000   0   000000000000000   000   000000000000000   000   000000000000000      000000000002125846   000   000000004251692   0   0000000000   A   0   0000000000   A   000000   000000   000000000000000   000000000000000   0000A0000000
 002070   63215152701   29366X1           2   001   081120   00   000000   0   000000000000000   000   000000000000000   000   000000000000000      000000000000436586   000   000000000436586   0   0000000000   A   0   0000000000   A   000000   000000   000000000000000   000000000000000   0000A0000000
 002070   63215152701   DES00017          2   001   081120   00   000000   0   000000000000000   000   000000000000000   000   000000000000000      000000000000382801   000   000000000382801   0   0000000000   A   0   0000000000   A   000000   000000   000000000000000   000000000000000   0000A0000000
 002070   63215152701   58606X1           2   003   081120   00   000000   0   000000000000000   000   000000000000000   000   000000000000000      000000000000377380   000   000000001132140   0   0000000000   A   0   0000000000   A   000000   000000   000000000000000   000000000000000   0000A0000000
 002070   63215152701   DES00040          2   001   081120   00   000000   0   000000000000000   000   000000000000000   000   000000000000000      000000000000381150   000   000000000381150   0   0000000000   A   0   0000000000   A   000000   000000   000000000000000   000000000000000   0000A0000000
 002070   63215152701   58373X1           2   001   081120   00   000000   0   000000000000000   000   000000000000000   000   000000000000000      000000000000320926   000   000000000320926   0   0000000000   A   0   0000000000   A   000000   000000   000000000000000   000000000000000   0000A0000000
 002070   63215152701   DES00045          2   002   081120   00   000000   0   000000000000000   000   000000000000000   000   000000000000000      000000000000168489   000   000000000336978   0   0000000000   A   0   0000000000   A   000000   000000   000000000000000   000000000000000   0000A0000000
 002070   63215152701   DES00054          2   001   081120   00   000000   0   000000000000000   000   000000000000000   000   000000000000000      000000000000381150   000   000000000381150   0   0000000000   A   0   0000000000   A   000000   000000   000000000000000   000000000000000   0000A0000000
 002070   63215152701   DES00044          2   001   081120   00   000000   0   000000000000000   000   000000000000000   000   000000000000000      000000000004095457   000   000000004095457   0   0000000000   A   0   0000000000   A   000000   000000   000000000000000   000000000000000   0000A0000000
 002070   63215152701   49515X1           2   002   081120   00   000000   0   000000000000000   000   000000000000000   000   000000000000000      000000000001389078   000   000000002778156   0   0000000000   A   0   0000000000   A   000000   000000   000000000000000   000000000000000   0000A0000000
 002070   63215152701   55439X1           2   002   081120   00   000000   0   000000000000000   000   000000000000000   000   000000000000000      000000000002125846   000   000000004251692   0   0000000000   A   0   0000000000   A   000000   000000   000000000000000   000000000000000   0000A0000000
 002070   63215152701   29366X1           2   003   101120   00   000000   0   000000000000000   000   000000000000000   000   000000000000000      000000000000436585   000   000000001309756   0   0000000000   A   0   0000000000   A   000000   000000   000000000000000   000000000000000   0000A0000000
 002070   63215152701   58373X1           2   003   101120   00   000000   0   000000000000000   000   000000000000000   000   000000000000000      000000000000320927   000   000000000962780   0   0000000000   A   0   0000000000   A   000000   000000   000000000000000   000000000000000   0000A0000000
 002070   63215152701   55439X1           2   003   101120   00   000000   0   000000000000000   000   000000000000000   000   000000000000000      000000000002125846   000   000000006377538   0   0000000000   A   0   0000000000   A   000000   000000   000000000000000   000000000000000   0000A0000000
 002070   63215152701   55439X1           2   002   101120   00   000000   0   000000000000000   000   000000000000000   000   000000000000000      000000000002125846   000   000000004251692   0   0000000000   A   0   0000000000   A   000000   000000   000000000000000   000000000000000   0000A0000000
 002070   63215152701   58606X1           2   006   101120   00   000000   0   000000000000000   000   000000000000000   000   000000000000000      000000000000377380   000   000000002264279   0   0000000000   A   0   0000000000   A   000000   000000   000000000000000   000000000000000   0000A0000000
 002070   63215152701   49924X1           2   004   101120   00   000000   0   000000000000000   000   000000000000000   000   000000000000000      000000000001358094   000   000000005432378   0   0000000000   A   0   0000000000   A   000000   000000   000000000000000   000000000000000   0000A0000000
 002070   63215152701   29366X1           2   001   111120   00   000000   0   000000000000000   000   000000000000000   000   000000000000000      000000000000436586   000   000000000436586   0   0000000000   A   0   0000000000   A   000000   000000   000000000000000   000000000000000   0000A0000000
 002070   63215152701   58373X1           2   001   111120   00   000000   0   000000000000000   000   000000000000000   000   000000000000000      000000000000320926   000   000000000320926   0   0000000000   A   0   0000000000   A   000000   000000   000000000000000   000000000000000   0000A0000000
 002070   63215152701   55439X1           2   001   111120   00   000000   0   000000000000000   000   000000000000000   000   000000000000000      000000000002125846   000   000000002125846   0   0000000000   A   0   0000000000   A   000000   000000   000000000000000   000000000000000   0000A0000000
 002070   63215152701   49924X1           2   001   111120   00   000000   0   000000000000000   000   000000000000000   000   000000000000000      000000000001358095   000   000000001358095   0   0000000000   A   0   0000000000   A   000000   000000   000000000000000   000000000000000   0000A0000000
 002070   63215152701   DES00040          2   001   181120   00   000000   0   000000000000000   000   000000000000000   000   000000000000000      000000000000381150   000   000000000381150   0   0000000000   A   0   0000000000   A   000000   000000   000000000000000   000000000000000   0000A0000000
 002070   63215152701   58373X1           2   001   181120   00   000000   0   000000000000000   000   000000000000000   000   000000000000000      000000000000320926   000   000000000320926   0   0000000000   A   0   0000000000   A   000000   000000   000000000000000   000000000000000   0000A0000000
 002070   63215152701   29366X1           2   001   181120   00   000000   0   000000000000000   000   000000000000000   000   000000000000000      000000000000436586   000   000000000436586   0   0000000000   A   0   0000000000   A   000000   000000   000000000000000   000000000000000   0000A0000000
 002070   63215152701   55439X1           2   001   181120   00   000000   0   000000000000000   000   000000000000000   000   000000000000000      000000000002125846   000   000000002125846   0   0000000000   A   0   0000000000   A   000000   000000   000000000000000   000000000000000   0000A0000000
 002070   63215152701   58606X1           2   003   181120   00   000000   0   000000000000000   000   000000000000000   000   000000000000000      000000000000377380   000   000000001132140   0   0000000000   A   0   0000000000   A   000000   000000   000000000000000   000000000000000   0000A0000000
 002070   63215152701   49924X1           2   002   181120   00   000000   0   000000000000000   000   000000000000000   000   000000000000000      000000000001358094   000   000000002716189   0   0000000000   A   0   0000000000   A   000000   000000   000000000000000   000000000000000   0000A0000000
 002070   63215152701   55439X1           2   001   181120   00   000000   0   000000000000000   000   000000000000000   000   000000000000000      000000000002125846   000   000000002125846   0   0000000000   A   0   0000000000   A   000000   000000   000000000000000   000000000000000   0000A0000000
 002070   63215152701   55439X1           2   001   181120   00   000000   0   000000000000000   000   000000000000000   000   000000000000000      000000000002125846   000   000000002125846   0   0000000000   A   0   0000000000   A   000000   000000   000000000000000   000000000000000   0000A0000000
 002070   63215152701   58373X1           2   001   181120   00   000000   0   000000000000000   000   000000000000000   000   000000000000000      000000000000320926   000   000000000320926   0   0000000000   A   0   0000000000   A   000000   000000   000000000000000   000000000000000   0000A0000000
 002070   63215152701   29366X1           2   001   181120   00   000000   0   000000000000000   000   000000000000000   000   000000000000000      000000000000436586   000   000000000436586   0   0000000000   A   0   0000000000   A   000000   000000   000000000000000   000000000000000   0000A0000000
 002070   63215152701   55439X1           2   001   181120   00   000000   0   000000000000000   000   000000000000000   000   000000000000000      000000000002125846   000   000000002125846   0   0000000000   A   0   0000000000   A   000000   000000   000000000000000   000000000000000   0000A0000000
 002070   63215152701   58606X1           2   003   181120   00   000000   0   000000000000000   000   000000000000000   000   000000000000000      000000000000377380   000   000000001132140   0   0000000000   A   0   0000000000   A   000000   000000   000000000000000   000000000000000   0000A0000000
 002070   63215152701   58373X1           2   001   181120   00   000000   0   000000000000000   000   000000000000000   000   000000000000000      000000000000320926   000   000000000320926   0   0000000000   A   0   0000000000   A   000000   000000   000000000000000   000000000000000   0000A0000000
 002070   63215152701   29366X1           2   001   181120   00   000000   0   000000000000000   000   000000000000000   000   000000000000000      000000000000436586   000   000000000436586   0   0000000000   A   0   0000000000   A   000000   000000   000000000000000   000000000000000   0000A0000000
 002070   63215152701   49924X1           2   004   181120   00   000000   0   000000000000000   000   000000000000000   000   000000000000000      000000000001358094   000   000000005432378   0   0000000000   A   0   0000000000   A   000000   000000   000000000000000   000000000000000   0000A0000000
 002070   63215152701   55439X1           2   002   181120   00   000000   0   000000000000000   000   000000000000000   000   000000000000000      000000000002125846   000   000000004251692   0   0000000000   A   0   0000000000   A   000000   000000   000000000000000   000000000000000   0000A0000000
 002070   63215152701   58606X1           2   003   191120   00   000000   0   000000000000000   000   000000000000000   000   000000000000000      000000000000377380   000   000000001132140   0   0000000000   A   0   0000000000   A   000000   000000   000000000000000   000000000000000   0000A0000000
 002070   63215152701   58373X1           2   001   191120   00   000000   0   000000000000000   000   000000000000000   000   000000000000000      000000000000320926   000   000000000320926   0   0000000000   A   0   0000000000   A   000000   000000   000000000000000   000000000000000   0000A0000000
 002070   63215152701   29366X1           2   001   191120   00   000000   0   000000000000000   000   000000000000000   000   000000000000000      000000000000436586   000   000000000436586   0   0000000000   A   0   0000000000   A   000000   000000   000000000000000   000000000000000   0000A0000000
 002070   63215152701   49924X1           2   002   191120   00   000000   0   000000000000000   000   000000000000000   000   000000000000000      000000000001358094   000   000000002716189   0   0000000000   A   0   0000000000   A   000000   000000   000000000000000   000000000000000   0000A0000000
 002070   63215152701   55439X1           2   002   191120   00   000000   0   000000000000000   000   000000000000000   000   000000000000000      000000000002125846   000   000000004251692   0   0000000000   A   0   0000000000   A   000000   000000   000000000000000   000000000000000   0000A0000000
 002070   63106117603   DES00017          2   002   201120   00   000000   0   000000000000000   000   000000000000000   000   000000000000000      000000000000381150   000   000000000762300   0   0000000000   A   0   0000000000   A   000000   000000   000000000000000   000000000000000   0000A0000000
 002070   63106117603   34031X1           2   001   201120   00   000000   0   000000000000000   000   000000000000000   000   000000000000000      000000000000989161   000   000000000989161   0   0000000000   A   0   0000000000   A   000000   000000   000000000000000   000000000000000   0000A0000000
 002070   63106117603   53609X1           2   001   201120   00   000000   0   000000000000000   000   000000000000000   000   000000000000000      000000000002339334   000   000000002339334   0   0000000000   A   0   0000000000   A   000000   000000   000000000000000   000000000000000   0000A0000000
 002070   63106117603   DES00089          2   001   201120   00   000000   0   000000000000000   000   000000000000000   000   000000000000000      000000000000366932   000   000000000366932   0   0000000000   A   0   0000000000   A   000000   000000   000000000000000   000000000000000   0000A0000000
 002070   63106117603   55439X1           2   001   201120   00   000000   0   000000000000000   000   000000000000000   000   000000000000000      000000000001311012   000   000000001311012   0   0000000000   A   0   0000000000   A   000000   000000   000000000000000   000000000000000   0000A0000000
 002070   63106117603   55439X1           2   001   201120   00   000000   0   000000000000000   000   000000000000000   000   000000000000000      000000000001311012   000   000000001311012   0   0000000000   A   0   0000000000   A   000000   000000   000000000000000   000000000000000   0000A0000000
 002070   62732885601   55442X1           2   002   201120   00   000000   0   000000000000000   000   000000000000000   000   000000000000000      000000000004098341   000   000000008196682   0   0000000000   A   0   0000000000   A   000000   000000   000000000000000   000000000000000   0000A0000000
 002070   62732885601   55439X1           2   002   201120   00   000000   0   000000000000000   000   000000000000000   000   000000000000000      000000000002125846   000   000000004251692   0   0000000000   A   0   0000000000   A   000000   000000   000000000000000   000000000000000   0000A0000000
 002070   62732885601   58606X1           2   003   201120   00   000000   0   000000000000000   000   000000000000000   000   000000000000000      000000000000377380   000   000000001132140   0   0000000000   A   0   0000000000   A   000000   000000   000000000000000   000000000000000   0000A0000000
 002070   62732885601   58373X1           2   003   201120   00   000000   0   000000000000000   000   000000000000000   000   000000000000000      000000000000320927   000   000000000962780   0   0000000000   A   0   0000000000   A   000000   000000   000000000000000   000000000000000   0000A0000000
 002070   62732885601   29366X1           2   003   201120   00   000000   0   000000000000000   000   000000000000000   000   000000000000000      000000000000436585   000   000000001309756   0   0000000000   A   0   0000000000   A   000000   000000   000000000000000   000000000000000   0000A0000000
 002070   63106117603   53609X1           2   001   201120   00   000000   0   000000000000000   000   000000000000000   000   000000000000000      000000000002339334   000   000000002339334   0   0000000000   A   0   0000000000   A   000000   000000   000000000000000   000000000000000   0000A0000000
 002070   62732885601   55442X1           2   001   211120   00   000000   0   000000000000000   000   000000000000000   000   000000000000000      000000000004098341   000   000000004098341   0   0000000000   A   0   0000000000   A   000000   000000   000000000000000   000000000000000   0000A0000000
 002070   62732885601   58606X1           2   001   211120   00   000000   0   000000000000000   000   000000000000000   000   000000000000000      000000000000377380   000   000000000377380   0   0000000000   A   0   0000000000   A   000000   000000   000000000000000   000000000000000   0000A0000000
 002070   62732885601   58373X1           2   001   211120   00   000000   0   000000000000000   000   000000000000000   000   000000000000000      000000000000320926   000   000000000320926   0   0000000000   A   0   0000000000   A   000000   000000   000000000000000   000000000000000   0000A0000000
 002070   62977683001   420303            2   001   071120   00   000000   0   000000000000000   000   000000000000000   000   000000000000000      000000000001149935   000   000000001149935   0   0000000000   A   0   0000000000   A   000000   000000   000000000000000   000000000000000   0000A0000000
 002070   63215152701   170101            2   001   081120   00   000000   0   000000000740789   000   000000000000000   000   000000000000000      000000000000000000   000   000000000740789   0   0000000000   A   0   0000000000   A   000000   000000   000000000000000   000000000000000   0000A0000000
 002070   63215152701   420303            2   001   081120   00   000000   0   000000001149935   000   000000000000000   000   000000000000000      000000000000000000   000   000000001149935   0   0000000000   A   0   0000000000   A   000000   000000   000000000000000   000000000000000   0000A0000000
 002070   62977683001   170101            2   001   171120   00   000000   0   000000000740789   000   000000000000000   000   000000000000000      000000000000000000   000   000000000740789   0   0000000000   A   0   0000000000   A   000000   000000   000000000000000   000000000000000   0000A0000000
