 002070   62029296101   430171            2   004   110220   00   000000   0   000000000000000   000   000000000000000   000   000000000000000      000000000021602053   000   000000086408212   0   0000000000   A   0   0000000000   A   000000   000000   000000000000000   000000000000000   0000A0000000
 002070   63102857801   430185            2   001   120220   00   000000   0   000000000000000   000   000000000000000   000   000000000000000      000000000007607814   000   000000007607814   0   0000000000   A   0   0000000000   A   000000   000000   000000000000000   000000000000000   0000A0000000
 002070   00000000000   430185            2   001   180220   00   000000   0   000000000000000   000   000000000000000   000   000000000000000      000000000007607814   000   000000007607814   0   0000000000   A   0   0000000000   A   000000   000000   000000000000000   000000000000000   0000A0000000
 002070   61240727502   430171            2   003   240220   00   000000   0   000000000000000   000   000000000000000   000   000000000000000      000000000021602053   000   000000064806159   0   0000000000   A   0   0000000000   A   000000   000000   000000000000000   000000000000000   0000A0000000
 002070   61240727502   121001            2   001   240220   00   000000   0   000000000000000   000   000000000000000   000   000000000000000      000000000054328248   000   000000054328248   0   0000000000   A   0   0000000000   A   000000   000000   000000000000000   000000000000000   0000A0000000
 002070   61240727502   15010X1           2   001   240220   00   000000   0   000000000000000   000   000000000000000   000   000000000000000      000000000001593900   000   000000001593900   0   0000000000   A   0   0000000000   A   000000   000000   000000000000000   000000000000000   0000A0000000
 002070   61240727502   18164X1           2   001   240220   00   000000   0   000000000000000   000   000000000000000   000   000000000000000      000000000001610100   000   000000001610100   0   0000000000   A   0   0000000000   A   000000   000000   000000000000000   000000000000000   0000A0000000
 002070   61240727502   DES00006          2   001   240220   00   000000   0   000000000000000   000   000000000000000   000   000000000000000      000000000010799428   000   000000010799428   0   0000000000   A   0   0000000000   A   000000   000000   000000000000000   000000000000000   0000A0000000
 002070   61240727502   55439X1           2   007   240220   00   000000   0   000000000000000   000   000000000000000   000   000000000000000      000000000003580687   000   000000025064808   0   0000000000   A   0   0000000000   A   000000   000000   000000000000000   000000000000000   0000A0000000
 002070   61240727502   57916X1           2   001   240220   00   000000   0   000000000000000   000   000000000000000   000   000000000000000      000000000003364380   000   000000003364380   0   0000000000   A   0   0000000000   A   000000   000000   000000000000000   000000000000000   0000A0000000
 002070   61240727502   24577X1           2   001   240220   00   000000   0   000000000000000   000   000000000000000   000   000000000000000      000000000000363717   000   000000000363717   0   0000000000   A   0   0000000000   A   000000   000000   000000000000000   000000000000000   0000A0000000
 002070   61240727502   60196X1           2   001   240220   00   000000   0   000000000000000   000   000000000000000   000   000000000000000      000000000001657198   000   000000001657198   0   0000000000   A   0   0000000000   A   000000   000000   000000000000000   000000000000000   0000A0000000
 002070   61240727502   31837X1           2   001   240220   00   000000   0   000000000000000   000   000000000000000   000   000000000000000      000000000001197802   000   000000001197802   0   0000000000   A   0   0000000000   A   000000   000000   000000000000000   000000000000000   0000A0000000
 002070   61240727502   45332X1           2   001   240220   00   000000   0   000000000000000   000   000000000000000   000   000000000000000      000000000001517451   000   000000001517451   0   0000000000   A   0   0000000000   A   000000   000000   000000000000000   000000000000000   0000A0000000
 002070   61240727502   DES00026          2   005   240220   00   000000   0   000000000000000   000   000000000000000   000   000000000000000      000000000000047855   000   000000000239274   0   0000000000   A   0   0000000000   A   000000   000000   000000000000000   000000000000000   0000A0000000
 002070   61240727502   DES00052          2   001   240220   00   000000   0   000000000000000   000   000000000000000   000   000000000000000      000000000003420873   000   000000003420873   0   0000000000   A   0   0000000000   A   000000   000000   000000000000000   000000000000000   0000A0000000
 002070   62029296101   29366X1           2   001   110220   00   000000   0   000000000000000   000   000000000000000   000   000000000000000      000000000000488976   000   000000000488976   0   0000000000   A   0   0000000000   A   000000   000000   000000000000000   000000000000000   0000A0000000
 002070   62029296101   DES00016          2   001   110220   00   000000   0   000000000000000   000   000000000000000   000   000000000000000      000000000000382801   000   000000000382801   0   0000000000   A   0   0000000000   A   000000   000000   000000000000000   000000000000000   0000A0000000
 002070   62029296101   58606X1           2   001   110220   00   000000   0   000000000000000   000   000000000000000   000   000000000000000      000000000000433987   000   000000000433987   0   0000000000   A   0   0000000000   A   000000   000000   000000000000000   000000000000000   0000A0000000
 002070   62029296101   DES00040          2   001   110220   00   000000   0   000000000000000   000   000000000000000   000   000000000000000      000000000000381150   000   000000000381150   0   0000000000   A   0   0000000000   A   000000   000000   000000000000000   000000000000000   0000A0000000
 002070   62029296101   58373X1           2   001   110220   00   000000   0   000000000000000   000   000000000000000   000   000000000000000      000000000000353019   000   000000000353019   0   0000000000   A   0   0000000000   A   000000   000000   000000000000000   000000000000000   0000A0000000
 002070   62029296101   DES00045          2   001   110220   00   000000   0   000000000000000   000   000000000000000   000   000000000000000      000000000000168489   000   000000000168489   0   0000000000   A   0   0000000000   A   000000   000000   000000000000000   000000000000000   0000A0000000
 002070   62029296101   DES00054          2   001   110220   00   000000   0   000000000000000   000   000000000000000   000   000000000000000      000000000000381150   000   000000000381150   0   0000000000   A   0   0000000000   A   000000   000000   000000000000000   000000000000000   0000A0000000
 002070   62029296101   55439X1           2   001   110220   00   000000   0   000000000000000   000   000000000000000   000   000000000000000      000000000003580687   000   000000003580687   0   0000000000   A   0   0000000000   A   000000   000000   000000000000000   000000000000000   0000A0000000
 002070   62029296101   29366X1           2   003   110220   00   000000   0   000000000000000   000   000000000000000   000   000000000000000      000000000000488976   000   000000001466929   0   0000000000   A   0   0000000000   A   000000   000000   000000000000000   000000000000000   0000A0000000
 002070   62029296101   55439X1           2   003   110220   00   000000   0   000000000000000   000   000000000000000   000   000000000000000      000000000003580687   000   000000010742061   0   0000000000   A   0   0000000000   A   000000   000000   000000000000000   000000000000000   0000A0000000
 002070   62029296101   58373X1           2   003   110220   00   000000   0   000000000000000   000   000000000000000   000   000000000000000      000000000000353019   000   000000001059056   0   0000000000   A   0   0000000000   A   000000   000000   000000000000000   000000000000000   0000A0000000
 002070   62029296101   22323X1           2   002   110220   00   000000   0   000000000000000   000   000000000000000   000   000000000000000      000000000001959430   000   000000003918861   0   0000000000   A   0   0000000000   A   000000   000000   000000000000000   000000000000000   0000A0000000
 002070   62029296101   49924X1           2   001   110220   00   000000   0   000000000000000   000   000000000000000   000   000000000000000      000000000001358095   000   000000001358095   0   0000000000   A   0   0000000000   A   000000   000000   000000000000000   000000000000000   0000A0000000
 002070   62029296101   58606X1           2   003   110220   00   000000   0   000000000000000   000   000000000000000   000   000000000000000      000000000000433987   000   000000001301962   0   0000000000   A   0   0000000000   A   000000   000000   000000000000000   000000000000000   0000A0000000
 002070   62029296101   55439X1           2   001   110220   00   000000   0   000000000000000   000   000000000000000   000   000000000000000      000000000003580687   000   000000003580687   0   0000000000   A   0   0000000000   A   000000   000000   000000000000000   000000000000000   0000A0000000
 002070   62029296101   29366X1           2   003   120220   00   000000   0   000000000000000   000   000000000000000   000   000000000000000      000000000000488976   000   000000001466929   0   0000000000   A   0   0000000000   A   000000   000000   000000000000000   000000000000000   0000A0000000
 002070   62029296101   55439X1           2   003   120220   00   000000   0   000000000000000   000   000000000000000   000   000000000000000      000000000003580687   000   000000010742061   0   0000000000   A   0   0000000000   A   000000   000000   000000000000000   000000000000000   0000A0000000
 002070   62029296101   58373X1           2   002   120220   00   000000   0   000000000000000   000   000000000000000   000   000000000000000      000000000000353018   000   000000000706037   0   0000000000   A   0   0000000000   A   000000   000000   000000000000000   000000000000000   0000A0000000
 002070   62029296101   22323X1           2   002   120220   00   000000   0   000000000000000   000   000000000000000   000   000000000000000      000000000001959430   000   000000003918861   0   0000000000   A   0   0000000000   A   000000   000000   000000000000000   000000000000000   0000A0000000
 002070   62029296101   58606X1           2   003   120220   00   000000   0   000000000000000   000   000000000000000   000   000000000000000      000000000000433987   000   000000001301962   0   0000000000   A   0   0000000000   A   000000   000000   000000000000000   000000000000000   0000A0000000
 002070   62029296101   29366X1           2   003   130220   00   000000   0   000000000000000   000   000000000000000   000   000000000000000      000000000000488976   000   000000001466929   0   0000000000   A   0   0000000000   A   000000   000000   000000000000000   000000000000000   0000A0000000
 002070   62029296101   55439X1           2   003   130220   00   000000   0   000000000000000   000   000000000000000   000   000000000000000      000000000003580687   000   000000010742061   0   0000000000   A   0   0000000000   A   000000   000000   000000000000000   000000000000000   0000A0000000
 002070   62029296101   22323X1           2   002   130220   00   000000   0   000000000000000   000   000000000000000   000   000000000000000      000000000001959430   000   000000003918861   0   0000000000   A   0   0000000000   A   000000   000000   000000000000000   000000000000000   0000A0000000
 002070   62029296101   58606X1           2   002   130220   00   000000   0   000000000000000   000   000000000000000   000   000000000000000      000000000000433987   000   000000000867974   0   0000000000   A   0   0000000000   A   000000   000000   000000000000000   000000000000000   0000A0000000
 002070   62029296101   22935X1           2   001   130220   00   000000   0   000000000000000   000   000000000000000   000   000000000000000      000000000003123710   000   000000003123710   0   0000000000   A   0   0000000000   A   000000   000000   000000000000000   000000000000000   0000A0000000
 002070   62029296101   58823X1           2   003   130220   00   000000   0   000000000000000   000   000000000000000   000   000000000000000      000000000000468147   000   000000001404440   0   0000000000   A   0   0000000000   A   000000   000000   000000000000000   000000000000000   0000A0000000
 002070   62029296101   DES00055          2   001   130220   00   000000   0   000000000000000   000   000000000000000   000   000000000000000      000000000001184071   000   000000001184071   0   0000000000   A   0   0000000000   A   000000   000000   000000000000000   000000000000000   0000A0000000
 002070   62029296101   29366X1           2   006   140220   00   000000   0   000000000000000   000   000000000000000   000   000000000000000      000000000000488976   000   000000002933858   0   0000000000   A   0   0000000000   A   000000   000000   000000000000000   000000000000000   0000A0000000
 002070   62029296101   22323X1           2   002   140220   00   000000   0   000000000000000   000   000000000000000   000   000000000000000      000000000001959430   000   000000003918861   0   0000000000   A   0   0000000000   A   000000   000000   000000000000000   000000000000000   0000A0000000
 002070   62029296101   58606X1           2   003   140220   00   000000   0   000000000000000   000   000000000000000   000   000000000000000      000000000000433987   000   000000001301962   0   0000000000   A   0   0000000000   A   000000   000000   000000000000000   000000000000000   0000A0000000
 002070   62029296101   55439X1           2   003   140220   00   000000   0   000000000000000   000   000000000000000   000   000000000000000      000000000003580687   000   000000010742061   0   0000000000   A   0   0000000000   A   000000   000000   000000000000000   000000000000000   0000A0000000
 002070   62029296101   58823X1           2   003   140220   00   000000   0   000000000000000   000   000000000000000   000   000000000000000      000000000000468147   000   000000001404440   0   0000000000   A   0   0000000000   A   000000   000000   000000000000000   000000000000000   0000A0000000
 002070   61240727502   55439X1           2   002   240220   00   000000   0   000000000000000   000   000000000000000   000   000000000000000      000000000003580687   000   000000007161374   0   0000000000   A   0   0000000000   A   000000   000000   000000000000000   000000000000000   0000A0000000
 002070   61240727502   DES00055          2   001   240220   00   000000   0   000000000000000   000   000000000000000   000   000000000000000      000000000001184071   000   000000001184071   0   0000000000   A   0   0000000000   A   000000   000000   000000000000000   000000000000000   0000A0000000
 002070   61240727502   55442X1           2   001   240220   00   000000   0   000000000000000   000   000000000000000   000   000000000000000      000000000004225389   000   000000004225389   0   0000000000   A   0   0000000000   A   000000   000000   000000000000000   000000000000000   0000A0000000
 002070   61240727502   40297X1           2   002   240220   00   000000   0   000000000000000   000   000000000000000   000   000000000000000      000000000000521785   000   000000001043570   0   0000000000   A   0   0000000000   A   000000   000000   000000000000000   000000000000000   0000A0000000
 002070   61240727502   DES00040          2   001   240220   00   000000   0   000000000000000   000   000000000000000   000   000000000000000      000000000000381150   000   000000000381150   0   0000000000   A   0   0000000000   A   000000   000000   000000000000000   000000000000000   0000A0000000
 002070   61240727502   DES00045          2   001   240220   00   000000   0   000000000000000   000   000000000000000   000   000000000000000      000000000000168489   000   000000000168489   0   0000000000   A   0   0000000000   A   000000   000000   000000000000000   000000000000000   0000A0000000
 002070   61240727502   DES00055          2   001   240220   00   000000   0   000000000000000   000   000000000000000   000   000000000000000      000000000001184071   000   000000001184071   0   0000000000   A   0   0000000000   A   000000   000000   000000000000000   000000000000000   0000A0000000
 002070   61240727502   20095X1           2   003   240220   00   000000   0   000000000000000   000   000000000000000   000   000000000000000      000000000000023855   000   000000000071564   0   0000000000   A   0   0000000000   A   000000   000000   000000000000000   000000000000000   0000A0000000
 002070   61240727502   29366X1           2   002   240220   00   000000   0   000000000000000   000   000000000000000   000   000000000000000      000000000000488976   000   000000000977953   0   0000000000   A   0   0000000000   A   000000   000000   000000000000000   000000000000000   0000A0000000
 002070   61240727502   58373X1           2   003   240220   00   000000   0   000000000000000   000   000000000000000   000   000000000000000      000000000000353019   000   000000001059056   0   0000000000   A   0   0000000000   A   000000   000000   000000000000000   000000000000000   0000A0000000
 002070   61240727502   34031X1           2   001   240220   00   000000   0   000000000000000   000   000000000000000   000   000000000000000      000000000001110531   000   000000001110531   0   0000000000   A   0   0000000000   A   000000   000000   000000000000000   000000000000000   0000A0000000
 002070   61240727502   13530X1           2   001   240220   00   000000   0   000000000000000   000   000000000000000   000   000000000000000      000000000004854794   000   000000004854794   0   0000000000   A   0   0000000000   A   000000   000000   000000000000000   000000000000000   0000A0000000
 002070   61240727502   45332X1           2   003   240220   00   000000   0   000000000000000   000   000000000000000   000   000000000000000      000000000001517451   000   000000004552354   0   0000000000   A   0   0000000000   A   000000   000000   000000000000000   000000000000000   0000A0000000
 002070   61240727502   55439X1           2   002   250220   00   000000   0   000000000000000   000   000000000000000   000   000000000000000      000000000003580687   000   000000007161374   0   0000000000   A   0   0000000000   A   000000   000000   000000000000000   000000000000000   0000A0000000
 002070   61240727502   20095X1           2   002   250220   00   000000   0   000000000000000   000   000000000000000   000   000000000000000      000000000000023854   000   000000000047709   0   0000000000   A   0   0000000000   A   000000   000000   000000000000000   000000000000000   0000A0000000
 002070   61240727502   13530X1           2   001   250220   00   000000   0   000000000000000   000   000000000000000   000   000000000000000      000000000004854794   000   000000004854794   0   0000000000   A   0   0000000000   A   000000   000000   000000000000000   000000000000000   0000A0000000
 002070   61240727502   29366X1           2   001   250220   00   000000   0   000000000000000   000   000000000000000   000   000000000000000      000000000000488976   000   000000000488976   0   0000000000   A   0   0000000000   A   000000   000000   000000000000000   000000000000000   0000A0000000
 002070   61240727502   49924X1           2   002   250220   00   000000   0   000000000000000   000   000000000000000   000   000000000000000      000000000001358094   000   000000002716189   0   0000000000   A   0   0000000000   A   000000   000000   000000000000000   000000000000000   0000A0000000
 002070   61240727502   DES00040          2   001   250220   00   000000   0   000000000000000   000   000000000000000   000   000000000000000      000000000000381150   000   000000000381150   0   0000000000   A   0   0000000000   A   000000   000000   000000000000000   000000000000000   0000A0000000
 002070   61240727502   DES00055          2   002   250220   00   000000   0   000000000000000   000   000000000000000   000   000000000000000      000000000001184070   000   000000002368141   0   0000000000   A   0   0000000000   A   000000   000000   000000000000000   000000000000000   0000A0000000
 002070   61240727502   9617X1            2   003   250220   00   000000   0   000000000000000   000   000000000000000   000   000000000000000      000000000000105725   000   000000000317174   0   0000000000   A   0   0000000000   A   000000   000000   000000000000000   000000000000000   0000A0000000
 002070   61240727502   20095X1           2   003   260220   00   000000   0   000000000000000   000   000000000000000   000   000000000000000      000000000000023855   000   000000000071564   0   0000000000   A   0   0000000000   A   000000   000000   000000000000000   000000000000000   0000A0000000
 002070   61240727502   13530X1           2   001   260220   00   000000   0   000000000000000   000   000000000000000   000   000000000000000      000000000004854794   000   000000004854794   0   0000000000   A   0   0000000000   A   000000   000000   000000000000000   000000000000000   0000A0000000
 002070   61240727502   24926X1           2   001   260220   00   000000   0   000000000000000   000   000000000000000   000   000000000000000      000000000000088953   000   000000000088953   0   0000000000   A   0   0000000000   A   000000   000000   000000000000000   000000000000000   0000A0000000
 002070   61240727502   9617X1            2   002   260220   00   000000   0   000000000000000   000   000000000000000   000   000000000000000      000000000000105725   000   000000000211450   0   0000000000   A   0   0000000000   A   000000   000000   000000000000000   000000000000000   0000A0000000
 002070   61240727502   DES00017          2   001   270220   00   000000   0   000000000000000   000   000000000000000   000   000000000000000      000000000000382801   000   000000000382801   0   0000000000   A   0   0000000000   A   000000   000000   000000000000000   000000000000000   0000A0000000
 002070   62029296101   420303            2   001   120220   00   000000   0   000000000000000   000   000000000000000   000   000000000000000      000000000001237536   000   000000001237536   0   0000000000   A   0   0000000000   A   000000   000000   000000000000000   000000000000000   0000A0000000
 002070   62029296101   170101            2   001   120220   00   000000   0   000000000794314   000   000000000000000   000   000000000000000      000000000000000000   000   000000000794314   0   0000000000   A   0   0000000000   A   000000   000000   000000000000000   000000000000000   0000A0000000
 002070   62029296101   420303            2   001   120220   00   000000   0   000000000000000   000   000000000000000   000   000000000000000      000000000001237536   000   000000001237536   0   0000000000   A   0   0000000000   A   000000   000000   000000000000000   000000000000000   0000A0000000
 002070   61240727502   420301            2   003   240220   00   000000   0   000000000000000   000   000000000000000   000   000000000000000      000000000001237536   000   000000003712608   0   0000000000   A   0   0000000000   A   000000   000000   000000000000000   000000000000000   0000A0000000
 002070   61240727502   340907            2   001   240220   00   000000   0   000000000000000   000   000000000000000   000   000000000000000      000000000003057343   000   000000003057343   0   0000000000   A   0   0000000000   A   000000   000000   000000000000000   000000000000000   0000A0000000
 002070   61240727502   250181            2   001   240220   00   000000   0   000000000000000   000   000000000000000   000   000000000000000      000000000000519359   000   000000000519359   0   0000000000   A   0   0000000000   A   000000   000000   000000000000000   000000000000000   0000A0000000
