 002070   61020172601   430171            2   005   050120   00   000000   0   000000000000000   000   000000000000000   000   000000000000000      000000000021155668   000   000000105778340   0   0000000000   A   0   0000000000   A   000000   000000   000000000000000   000000000000000   0000A0000000
 002070   00000000000   430185            2   001   080120   00   000000   0   000000000000000   000   000000000000000   000   000000000000000      000000000007450606   000   000000007450606   0   0000000000   A   0   0000000000   A   000000   000000   000000000000000   000000000000000   0000A0000000
 002070   61252827703   430171            2   001   120120   00   000000   0   000000000000000   000   000000000000000   000   000000000000000      000000000021155668   000   000000021155668   0   0000000000   A   0   0000000000   A   000000   000000   000000000000000   000000000000000   0000A0000000
 002070   15207062601   430185            2   001   150120   00   000000   0   000000000000000   000   000000000000000   000   000000000000000      000000000007450606   000   000000007450606   0   0000000000   A   0   0000000000   A   000000   000000   000000000000000   000000000000000   0000A0000000
 002070   63120535601   430185            2   001   160120   00   000000   0   000000000000000   000   000000000000000   000   000000000000000      000000000007450606   000   000000007450606   0   0000000000   A   0   0000000000   A   000000   000000   000000000000000   000000000000000   0000A0000000
 002070   63090085901   430185            2   001   210120   00   000000   0   000000000000000   000   000000000000000   000   000000000000000      000000000007450606   000   000000007450606   0   0000000000   A   0   0000000000   A   000000   000000   000000000000000   000000000000000   0000A0000000
 002070   61519928201   430171            2   001   210120   00   000000   0   000000000000000   000   000000000000000   000   000000000000000      000000000021155668   000   000000021155668   0   0000000000   A   0   0000000000   A   000000   000000   000000000000000   000000000000000   0000A0000000
 002070   15208838002   430185            2   001   230120   00   000000   0   000000000000000   000   000000000000000   000   000000000000000      000000000007450606   000   000000007450606   0   0000000000   A   0   0000000000   A   000000   000000   000000000000000   000000000000000   0000A0000000
 002070   00000000000   430185            2   001   260120   00   000000   0   000000000000000   000   000000000000000   000   000000000000000      000000000007450606   000   000000007450606   0   0000000000   A   0   0000000000   A   000000   000000   000000000000000   000000000000000   0000A0000000
 002070   61120376501   430185            2   001   270120   00   000000   0   000000000000000   000   000000000000000   000   000000000000000      000000000007450606   000   000000007450606   0   0000000000   A   0   0000000000   A   000000   000000   000000000000000   000000000000000   0000A0000000
 002070   15208838002   430185            2   001   270120   00   000000   0   000000000000000   000   000000000000000   000   000000000000000      000000000007450606   000   000000007450606   0   0000000000   A   0   0000000000   A   000000   000000   000000000000000   000000000000000   0000A0000000
 002070   61841113402   430171            2   002   270120   00   000000   0   000000000000000   000   000000000000000   000   000000000000000      000000000021155668   000   000000042311336   0   0000000000   A   0   0000000000   A   000000   000000   000000000000000   000000000000000   0000A0000000
 002070   61120376501   430171            2   001   270120   00   000000   0   000000000000000   000   000000000000000   000   000000000000000      000000000021155668   000   000000021155668   0   0000000000   A   0   0000000000   A   000000   000000   000000000000000   000000000000000   0000A0000000
 002070   63049741804   430105            2   002   270120   00   000000   0   000000000000000   000   000000000000000   000   000000000000000      000000000003147108   000   000000006294216   0   0000000000   A   0   0000000000   A   000000   000000   000000000000000   000000000000000   0000A0000000
 002070   63049741804   110461            2   001   270120   00   000000   0   000000000000000   000   000000000000000   000   000000000000000      000000000089407110   000   000000089407110   0   0000000000   A   0   0000000000   A   000000   000000   000000000000000   000000000000000   0000A0000000
 002070   62348866202   430171            2   002   280120   00   000000   0   000000000000000   000   000000000000000   000   000000000000000      000000000021155668   000   000000042311336   0   0000000000   A   0   0000000000   A   000000   000000   000000000000000   000000000000000   0000A0000000
 002070   61020172601   130113            2   001   060120   00   000000   0   000000000000000   000   000000000000000   000   000000000000000      000000000020122658   000   000000020122658   0   0000000000   A   0   0000000000   A   000000   000000   000000000000000   000000000000000   0000A0000000
 002070   61841113402   080709            2   001   120120   00   000000   0   000000000000000   000   000000000000000   000   000000000000000      000000000046213901   000   000000046213901   0   0000000000   A   0   0000000000   A   000000   000000   000000000000000   000000000000000   0000A0000000
 002070   61252827703   060104            2   001   120120   00   000000   0   000000000000000   000   000000000000000   000   000000000000000      000000000047578149   000   000000047578149   0   0000000000   A   0   0000000000   A   000000   000000   000000000000000   000000000000000   0000A0000000
 002070   61252827703   431101            2   001   120120   00   000000   0   000000000000000   000   000000000000000   000   000000000000000      000000000001072893   000   000000001072893   0   0000000000   A   0   0000000000   A   000000   000000   000000000000000   000000000000000   0000A0000000
 002070   61841113402   431101            2   001   120120   00   000000   0   000000000000000   000   000000000000000   000   000000000000000      000000000001072893   000   000000001072893   0   0000000000   A   0   0000000000   A   000000   000000   000000000000000   000000000000000   0000A0000000
 002070   63049741804   110403            2   001   270120   00   000000   0   000000024303204   000   000000000000000   000   000000000000000      000000000000000000   000   000000024303204   0   0000000000   A   0   0000000000   A   000000   000000   000000000000000   000000000000000   0000A0000000
 002070   63049741804   110403            2   001   270120   00   000000   0   000000000000000   000   000000004796685   000   000000000000000      000000000000000000   000   000000004796685   0   0000000000   A   0   0000000000   A   000000   000000   000000000000000   000000000000000   0000A0000000
 002070   63049741804   110104            2   001   270120   00   000000   0   000000005396270   000   000000000000000   000   000000000000000      000000000000000000   000   000000005396270   0   0000000000   A   0   0000000000   A   000000   000000   000000000000000   000000000000000   0000A0000000
 002070   63049741804   110104            2   001   270120   00   000000   0   000000000000000   000   000000001598895   000   000000000000000      000000000000000000   000   000000001598895   0   0000000000   A   0   0000000000   A   000000   000000   000000000000000   000000000000000   0000A0000000
 002070   63049741804   110104            2   001   270120   00   000000   0   000000000000000   000   000000000000000   000   000000000000000      000000000030525050   000   000000009157515   0   0000000000   A   0   0000000000   A   000000   000000   000000000000000   000000000000000   0000A0000000
 002070   62348866202   080709            2   001   290120   00   000000   0   000000000000000   000   000000000000000   000   000000000000000      000000000046213901   000   000000046213901   0   0000000000   A   0   0000000000   A   000000   000000   000000000000000   000000000000000   0000A0000000
 002070   62348866202   431101            2   001   290120   00   000000   0   000000000000000   000   000000000000000   000   000000000000000      000000000001072893   000   000000001072893   0   0000000000   A   0   0000000000   A   000000   000000   000000000000000   000000000000000   0000A0000000
 002070   61020172601   55439X1           2   003   060120   00   000000   0   000000000000000   000   000000000000000   000   000000000000000      000000000003473023   000   000000010419070   0   0000000000   A   0   0000000000   A   000000   000000   000000000000000   000000000000000   0000A0000000
 002070   61020172601   57916X1           2   001   060120   00   000000   0   000000000000000   000   000000000000000   000   000000000000000      000000000003285000   000   000000003285000   0   0000000000   A   0   0000000000   A   000000   000000   000000000000000   000000000000000   0000A0000000
 002070   61020172601   60196X1           2   001   060120   00   000000   0   000000000000000   000   000000000000000   000   000000000000000      000000000001640790   000   000000001640790   0   0000000000   A   0   0000000000   A   000000   000000   000000000000000   000000000000000   0000A0000000
 002070   61020172601   31837X1           2   001   060120   00   000000   0   000000000000000   000   000000000000000   000   000000000000000      000000000001140764   000   000000001140764   0   0000000000   A   0   0000000000   A   000000   000000   000000000000000   000000000000000   0000A0000000
 002070   61020172601   DES00026          2   005   060120   00   000000   0   000000000000000   000   000000000000000   000   000000000000000      000000000000047855   000   000000000239274   0   0000000000   A   0   0000000000   A   000000   000000   000000000000000   000000000000000   0000A0000000
 002070   61020172601   DES00052          2   001   060120   00   000000   0   000000000000000   000   000000000000000   000   000000000000000      000000000003420873   000   000000003420873   0   0000000000   A   0   0000000000   A   000000   000000   000000000000000   000000000000000   0000A0000000
 002070   61841113402   20172X1           2   001   120120   00   000000   0   000000000000000   000   000000000000000   000   000000000000000      000000000003102075   000   000000003102075   0   0000000000   A   0   0000000000   A   000000   000000   000000000000000   000000000000000   0000A0000000
 002070   61841113402   15010X1           2   001   120120   00   000000   0   000000000000000   000   000000000000000   000   000000000000000      000000000001553400   000   000000001553400   0   0000000000   A   0   0000000000   A   000000   000000   000000000000000   000000000000000   0000A0000000
 002070   61841113402   14916X1           2   030   120120   00   000000   0   000000000000000   000   000000000000000   000   000000000000000      000000000000165190   000   000000004955688   0   0000000000   A   0   0000000000   A   000000   000000   000000000000000   000000000000000   0000A0000000
 002070   61841113402   55439X1           2   004   120120   00   000000   0   000000000000000   000   000000000000000   000   000000000000000      000000000003473024   000   000000013892094   0   0000000000   A   0   0000000000   A   000000   000000   000000000000000   000000000000000   0000A0000000
 002070   61841113402   4066X1            2   001   120120   00   000000   0   000000000000000   000   000000000000000   000   000000000000000      000000000008605402   000   000000008605402   0   0000000000   A   0   0000000000   A   000000   000000   000000000000000   000000000000000   0000A0000000
 002070   61841113402   19428X1           2   001   120120   00   000000   0   000000000000000   000   000000000000000   000   000000000000000      000000000000395183   000   000000000395183   0   0000000000   A   0   0000000000   A   000000   000000   000000000000000   000000000000000   0000A0000000
 002070   61841113402   32583X1           2   001   120120   00   000000   0   000000000000000   000   000000000000000   000   000000000000000      000000000000747275   000   000000000747275   0   0000000000   A   0   0000000000   A   000000   000000   000000000000000   000000000000000   0000A0000000
 002070   61841113402   58689X1           2   001   120120   00   000000   0   000000000000000   000   000000000000000   000   000000000000000      000000000003336728   000   000000003336728   0   0000000000   A   0   0000000000   A   000000   000000   000000000000000   000000000000000   0000A0000000
 002070   61841113402   45332X1           2   001   120120   00   000000   0   000000000000000   000   000000000000000   000   000000000000000      000000000001354867   000   000000001354867   0   0000000000   A   0   0000000000   A   000000   000000   000000000000000   000000000000000   0000A0000000
 002070   61841113402   34031X1           2   001   120120   00   000000   0   000000000000000   000   000000000000000   000   000000000000000      000000000001078186   000   000000001078186   0   0000000000   A   0   0000000000   A   000000   000000   000000000000000   000000000000000   0000A0000000
 002070   61841113402   58606X1           2   002   120120   00   000000   0   000000000000000   000   000000000000000   000   000000000000000      000000000000377380   000   000000000754760   0   0000000000   A   0   0000000000   A   000000   000000   000000000000000   000000000000000   0000A0000000
 002070   61841113402   58373X1           2   001   120120   00   000000   0   000000000000000   000   000000000000000   000   000000000000000      000000000000320926   000   000000000320926   0   0000000000   A   0   0000000000   A   000000   000000   000000000000000   000000000000000   0000A0000000
 002070   61841113402   24104X1           2   001   120120   00   000000   0   000000000000000   000   000000000000000   000   000000000000000      000000000003055590   000   000000003055590   0   0000000000   A   0   0000000000   A   000000   000000   000000000000000   000000000000000   0000A0000000
 002070   61841113402   49924X1           2   002   120120   00   000000   0   000000000000000   000   000000000000000   000   000000000000000      000000000001358094   000   000000002716189   0   0000000000   A   0   0000000000   A   000000   000000   000000000000000   000000000000000   0000A0000000
 002070   61841113402   18910X1           2   004   120120   00   000000   0   000000000000000   000   000000000000000   000   000000000000000      000000000001543022   000   000000006172088   0   0000000000   A   0   0000000000   A   000000   000000   000000000000000   000000000000000   0000A0000000
 002070   61841113402   DES00026          2   005   120120   00   000000   0   000000000000000   000   000000000000000   000   000000000000000      000000000000047855   000   000000000239274   0   0000000000   A   0   0000000000   A   000000   000000   000000000000000   000000000000000   0000A0000000
 002070   61841113402   DES00052          2   001   120120   00   000000   0   000000000000000   000   000000000000000   000   000000000000000      000000000003420873   000   000000003420873   0   0000000000   A   0   0000000000   A   000000   000000   000000000000000   000000000000000   0000A0000000
 002070   61841113402   DES00054          2   001   120120   00   000000   0   000000000000000   000   000000000000000   000   000000000000000      000000000000381150   000   000000000381150   0   0000000000   A   0   0000000000   A   000000   000000   000000000000000   000000000000000   0000A0000000
 002070   61252827703   55439X1           2   004   120120   00   000000   0   000000000000000   000   000000000000000   000   000000000000000      000000000003473024   000   000000013892094   0   0000000000   A   0   0000000000   A   000000   000000   000000000000000   000000000000000   0000A0000000
 002070   61252827703   52001X1           2   001   120120   00   000000   0   000000000000000   000   000000000000000   000   000000000000000      000000000002826548   000   000000002826548   0   0000000000   A   0   0000000000   A   000000   000000   000000000000000   000000000000000   0000A0000000
 002070   61252827703   20172X1           2   001   120120   00   000000   0   000000000000000   000   000000000000000   000   000000000000000      000000000003102075   000   000000003102075   0   0000000000   A   0   0000000000   A   000000   000000   000000000000000   000000000000000   0000A0000000
 002070   61252827703   57998X1           2   001   120120   00   000000   0   000000000000000   000   000000000000000   000   000000000000000      000000000000683196   000   000000000683196   0   0000000000   A   0   0000000000   A   000000   000000   000000000000000   000000000000000   0000A0000000
 002070   61252827703   49941X1           2   001   120120   00   000000   0   000000000000000   000   000000000000000   000   000000000000000      000000000001984703   000   000000001984703   0   0000000000   A   0   0000000000   A   000000   000000   000000000000000   000000000000000   0000A0000000
 002070   61252827703   15010X1           2   001   120120   00   000000   0   000000000000000   000   000000000000000   000   000000000000000      000000000001553400   000   000000001553400   0   0000000000   A   0   0000000000   A   000000   000000   000000000000000   000000000000000   0000A0000000
 002070   61252827703   DES00078          2   002   120120   00   000000   0   000000000000000   000   000000000000000   000   000000000000000      000000000000320440   000   000000000640881   0   0000000000   A   0   0000000000   A   000000   000000   000000000000000   000000000000000   0000A0000000
 002070   61252827703   14916X1           2   045   120120   00   000000   0   000000000000000   000   000000000000000   000   000000000000000      000000000000165190   000   000000007433532   0   0000000000   A   0   0000000000   A   000000   000000   000000000000000   000000000000000   0000A0000000
 002070   61252827703   19428X1           2   001   120120   00   000000   0   000000000000000   000   000000000000000   000   000000000000000      000000000000395183   000   000000000395183   0   0000000000   A   0   0000000000   A   000000   000000   000000000000000   000000000000000   0000A0000000
 002070   61252827703   60196X1           2   001   120120   00   000000   0   000000000000000   000   000000000000000   000   000000000000000      000000000001640790   000   000000001640790   0   0000000000   A   0   0000000000   A   000000   000000   000000000000000   000000000000000   0000A0000000
 002070   61252827703   58689X1           2   001   120120   00   000000   0   000000000000000   000   000000000000000   000   000000000000000      000000000003336728   000   000000003336728   0   0000000000   A   0   0000000000   A   000000   000000   000000000000000   000000000000000   0000A0000000
 002070   61252827703   45332X1           2   001   120120   00   000000   0   000000000000000   000   000000000000000   000   000000000000000      000000000001354867   000   000000001354867   0   0000000000   A   0   0000000000   A   000000   000000   000000000000000   000000000000000   0000A0000000
 002070   61252827703   34031X1           2   001   120120   00   000000   0   000000000000000   000   000000000000000   000   000000000000000      000000000001078186   000   000000001078186   0   0000000000   A   0   0000000000   A   000000   000000   000000000000000   000000000000000   0000A0000000
 002070   61252827703   58606X1           2   002   120120   00   000000   0   000000000000000   000   000000000000000   000   000000000000000      000000000000377380   000   000000000754760   0   0000000000   A   0   0000000000   A   000000   000000   000000000000000   000000000000000   0000A0000000
 002070   61252827703   58373X1           2   001   120120   00   000000   0   000000000000000   000   000000000000000   000   000000000000000      000000000000320926   000   000000000320926   0   0000000000   A   0   0000000000   A   000000   000000   000000000000000   000000000000000   0000A0000000
 002070   61252827703   24104X1           2   001   120120   00   000000   0   000000000000000   000   000000000000000   000   000000000000000      000000000003055590   000   000000003055590   0   0000000000   A   0   0000000000   A   000000   000000   000000000000000   000000000000000   0000A0000000
 002070   61252827703   49924X1           2   002   120120   00   000000   0   000000000000000   000   000000000000000   000   000000000000000      000000000001358094   000   000000002716189   0   0000000000   A   0   0000000000   A   000000   000000   000000000000000   000000000000000   0000A0000000
 002070   61252827703   18910X1           2   003   120120   00   000000   0   000000000000000   000   000000000000000   000   000000000000000      000000000001543022   000   000000004629066   0   0000000000   A   0   0000000000   A   000000   000000   000000000000000   000000000000000   0000A0000000
 002070   61252827703   DES00026          2   005   120120   00   000000   0   000000000000000   000   000000000000000   000   000000000000000      000000000000047855   000   000000000239274   0   0000000000   A   0   0000000000   A   000000   000000   000000000000000   000000000000000   0000A0000000
 002070   61252827703   DES00052          2   001   120120   00   000000   0   000000000000000   000   000000000000000   000   000000000000000      000000000003420873   000   000000003420873   0   0000000000   A   0   0000000000   A   000000   000000   000000000000000   000000000000000   0000A0000000
 002070   61252827703   DES00054          2   001   120120   00   000000   0   000000000000000   000   000000000000000   000   000000000000000      000000000000381150   000   000000000381150   0   0000000000   A   0   0000000000   A   000000   000000   000000000000000   000000000000000   0000A0000000
 002070   62348866202   20172X1           2   001   290120   00   000000   0   000000000000000   000   000000000000000   000   000000000000000      000000000003102075   000   000000003102075   0   0000000000   A   0   0000000000   A   000000   000000   000000000000000   000000000000000   0000A0000000
 002070   62348866202   52001X1           2   001   290120   00   000000   0   000000000000000   000   000000000000000   000   000000000000000      000000000002826548   000   000000002826548   0   0000000000   A   0   0000000000   A   000000   000000   000000000000000   000000000000000   0000A0000000
 002070   62348866202   14916X1           2   030   290120   00   000000   0   000000000000000   000   000000000000000   000   000000000000000      000000000000165190   000   000000004955688   0   0000000000   A   0   0000000000   A   000000   000000   000000000000000   000000000000000   0000A0000000
 002070   62348866202   30278X1           2   001   290120   00   000000   0   000000000000000   000   000000000000000   000   000000000000000      000000000000718719   000   000000000718719   0   0000000000   A   0   0000000000   A   000000   000000   000000000000000   000000000000000   0000A0000000
 002070   62348866202   55439X1           2   003   290120   00   000000   0   000000000000000   000   000000000000000   000   000000000000000      000000000003473023   000   000000010419070   0   0000000000   A   0   0000000000   A   000000   000000   000000000000000   000000000000000   0000A0000000
 002070   62348866202   15010X1           2   001   290120   00   000000   0   000000000000000   000   000000000000000   000   000000000000000      000000000001553400   000   000000001553400   0   0000000000   A   0   0000000000   A   000000   000000   000000000000000   000000000000000   0000A0000000
 002070   62348866202   DES00185          2   001   290120   00   000000   0   000000000000000   000   000000000000000   000   000000000000000      000000000011907000   000   000000011907000   0   0000000000   A   0   0000000000   A   000000   000000   000000000000000   000000000000000   0000A0000000
 002070   62348866202   DES00200          2   001   290120   00   000000   0   000000000000000   000   000000000000000   000   000000000000000      000000000012631517   000   000000012631517   0   0000000000   A   0   0000000000   A   000000   000000   000000000000000   000000000000000   0000A0000000
 002070   62348866202   58689X1           2   001   290120   00   000000   0   000000000000000   000   000000000000000   000   000000000000000      000000000003336728   000   000000003336728   0   0000000000   A   0   0000000000   A   000000   000000   000000000000000   000000000000000   0000A0000000
 002070   62348866202   19428X1           2   001   290120   00   000000   0   000000000000000   000   000000000000000   000   000000000000000      000000000000395183   000   000000000395183   0   0000000000   A   0   0000000000   A   000000   000000   000000000000000   000000000000000   0000A0000000
 002070   62348866202   32583X1           2   001   290120   00   000000   0   000000000000000   000   000000000000000   000   000000000000000      000000000000747275   000   000000000747275   0   0000000000   A   0   0000000000   A   000000   000000   000000000000000   000000000000000   0000A0000000
 002070   62348866202   60196X1           2   001   290120   00   000000   0   000000000000000   000   000000000000000   000   000000000000000      000000000001640790   000   000000001640790   0   0000000000   A   0   0000000000   A   000000   000000   000000000000000   000000000000000   0000A0000000
 002070   62348866202   58689X1           2   001   290120   00   000000   0   000000000000000   000   000000000000000   000   000000000000000      000000000003336728   000   000000003336728   0   0000000000   A   0   0000000000   A   000000   000000   000000000000000   000000000000000   0000A0000000
 002070   62348866202   45332X1           2   001   290120   00   000000   0   000000000000000   000   000000000000000   000   000000000000000      000000000001354867   000   000000001354867   0   0000000000   A   0   0000000000   A   000000   000000   000000000000000   000000000000000   0000A0000000
 002070   62348866202   34031X1           2   001   290120   00   000000   0   000000000000000   000   000000000000000   000   000000000000000      000000000001078186   000   000000001078186   0   0000000000   A   0   0000000000   A   000000   000000   000000000000000   000000000000000   0000A0000000
 002070   62348866202   58606X1           2   002   290120   00   000000   0   000000000000000   000   000000000000000   000   000000000000000      000000000000377380   000   000000000754760   0   0000000000   A   0   0000000000   A   000000   000000   000000000000000   000000000000000   0000A0000000
 002070   62348866202   58373X1           2   001   290120   00   000000   0   000000000000000   000   000000000000000   000   000000000000000      000000000000320926   000   000000000320926   0   0000000000   A   0   0000000000   A   000000   000000   000000000000000   000000000000000   0000A0000000
 002070   62348866202   49924X1           2   001   290120   00   000000   0   000000000000000   000   000000000000000   000   000000000000000      000000000001358095   000   000000001358095   0   0000000000   A   0   0000000000   A   000000   000000   000000000000000   000000000000000   0000A0000000
 002070   62348866202   18910X1           2   004   290120   00   000000   0   000000000000000   000   000000000000000   000   000000000000000      000000000001543022   000   000000006172088   0   0000000000   A   0   0000000000   A   000000   000000   000000000000000   000000000000000   0000A0000000
 002070   62348866202   DES00026          2   005   290120   00   000000   0   000000000000000   000   000000000000000   000   000000000000000      000000000000047855   000   000000000239274   0   0000000000   A   0   0000000000   A   000000   000000   000000000000000   000000000000000   0000A0000000
 002070   62348866202   DES00052          2   001   290120   00   000000   0   000000000000000   000   000000000000000   000   000000000000000      000000000003420873   000   000000003420873   0   0000000000   A   0   0000000000   A   000000   000000   000000000000000   000000000000000   0000A0000000
 002070   61020172601   29366X1           2   001   050120   00   000000   0   000000000000000   000   000000000000000   000   000000000000000      000000000000436586   000   000000000436586   0   0000000000   A   0   0000000000   A   000000   000000   000000000000000   000000000000000   0000A0000000
 002070   61020172601   DES00017          2   002   050120   00   000000   0   000000000000000   000   000000000000000   000   000000000000000      000000000000382800   000   000000000765601   0   0000000000   A   0   0000000000   A   000000   000000   000000000000000   000000000000000   0000A0000000
 002070   61020172601   40297X1           2   001   050120   00   000000   0   000000000000000   000   000000000000000   000   000000000000000      000000000000521785   000   000000000521785   0   0000000000   A   0   0000000000   A   000000   000000   000000000000000   000000000000000   0000A0000000
 002070   61020172601   DES00040          2   001   050120   00   000000   0   000000000000000   000   000000000000000   000   000000000000000      000000000000381150   000   000000000381150   0   0000000000   A   0   0000000000   A   000000   000000   000000000000000   000000000000000   0000A0000000
 002070   61020172601   DES00045          2   001   050120   00   000000   0   000000000000000   000   000000000000000   000   000000000000000      000000000000168489   000   000000000168489   0   0000000000   A   0   0000000000   A   000000   000000   000000000000000   000000000000000   0000A0000000
 002070   61020172601   DES00054          2   001   050120   00   000000   0   000000000000000   000   000000000000000   000   000000000000000      000000000000381150   000   000000000381150   0   0000000000   A   0   0000000000   A   000000   000000   000000000000000   000000000000000   0000A0000000
 002070   61020172601   DES00044          2   001   050120   00   000000   0   000000000000000   000   000000000000000   000   000000000000000      000000000004095457   000   000000004095457   0   0000000000   A   0   0000000000   A   000000   000000   000000000000000   000000000000000   0000A0000000
 002070   61020172601   55439X1           2   001   050120   00   000000   0   000000000000000   000   000000000000000   000   000000000000000      000000000003473024   000   000000003473024   0   0000000000   A   0   0000000000   A   000000   000000   000000000000000   000000000000000   0000A0000000
 002070   61020172601   DES00243          2   001   050120   00   000000   0   000000000000000   000   000000000000000   000   000000000000000      000000000000381150   000   000000000381150   0   0000000000   A   0   0000000000   A   000000   000000   000000000000000   000000000000000   0000A0000000
 002070   61020172601   40318X1           2   001   060120   00   000000   0   000000000000000   000   000000000000000   000   000000000000000      000000000003422958   000   000000003422958   0   0000000000   A   0   0000000000   A   000000   000000   000000000000000   000000000000000   0000A0000000
 002070   61020172601   55439X1           2   001   060120   00   000000   0   000000000000000   000   000000000000000   000   000000000000000      000000000003473024   000   000000003473024   0   0000000000   A   0   0000000000   A   000000   000000   000000000000000   000000000000000   0000A0000000
 002070   61020172601   55439X1           2   002   060120   00   000000   0   000000000000000   000   000000000000000   000   000000000000000      000000000003473024   000   000000006946047   0   0000000000   A   0   0000000000   A   000000   000000   000000000000000   000000000000000   0000A0000000
 002070   61020172601   29366X1           2   002   060120   00   000000   0   000000000000000   000   000000000000000   000   000000000000000      000000000000436586   000   000000000873171   0   0000000000   A   0   0000000000   A   000000   000000   000000000000000   000000000000000   0000A0000000
 002070   61020172601   40297X1           2   003   060120   00   000000   0   000000000000000   000   000000000000000   000   000000000000000      000000000000521785   000   000000001565355   0   0000000000   A   0   0000000000   A   000000   000000   000000000000000   000000000000000   0000A0000000
 002070   61020172601   40318X1           2   003   060120   00   000000   0   000000000000000   000   000000000000000   000   000000000000000      000000000003422958   000   000000010268875   0   0000000000   A   0   0000000000   A   000000   000000   000000000000000   000000000000000   0000A0000000
 002070   61020172601   22323X1           2   002   060120   00   000000   0   000000000000000   000   000000000000000   000   000000000000000      000000000001781300   000   000000003562601   0   0000000000   A   0   0000000000   A   000000   000000   000000000000000   000000000000000   0000A0000000
 002070   61020172601   DES00040          2   001   060120   00   000000   0   000000000000000   000   000000000000000   000   000000000000000      000000000000381150   000   000000000381150   0   0000000000   A   0   0000000000   A   000000   000000   000000000000000   000000000000000   0000A0000000
 002070   61020172601   DES00045          2   001   060120   00   000000   0   000000000000000   000   000000000000000   000   000000000000000      000000000000168489   000   000000000168489   0   0000000000   A   0   0000000000   A   000000   000000   000000000000000   000000000000000   0000A0000000
 002070   61020172601   22323X1           2   001   060120   00   000000   0   000000000000000   000   000000000000000   000   000000000000000      000000000001781301   000   000000001781301   0   0000000000   A   0   0000000000   A   000000   000000   000000000000000   000000000000000   0000A0000000
 002070   61020172601   40297X1           2   001   060120   00   000000   0   000000000000000   000   000000000000000   000   000000000000000      000000000000521785   000   000000000521785   0   0000000000   A   0   0000000000   A   000000   000000   000000000000000   000000000000000   0000A0000000
 002070   61020172601   40318X1           2   001   060120   00   000000   0   000000000000000   000   000000000000000   000   000000000000000      000000000003422958   000   000000003422958   0   0000000000   A   0   0000000000   A   000000   000000   000000000000000   000000000000000   0000A0000000
 002070   61020172601   32583X1           2   002   060120   00   000000   0   000000000000000   000   000000000000000   000   000000000000000      000000000000747276   000   000000001494551   0   0000000000   A   0   0000000000   A   000000   000000   000000000000000   000000000000000   0000A0000000
 002070   61020172601   47574X1           2   001   060120   00   000000   0   000000000000000   000   000000000000000   000   000000000000000      000000000003287395   000   000000003287395   0   0000000000   A   0   0000000000   A   000000   000000   000000000000000   000000000000000   0000A0000000
 002070   61020172601   55439X1           2   001   070120   00   000000   0   000000000000000   000   000000000000000   000   000000000000000      000000000003473024   000   000000003473024   0   0000000000   A   0   0000000000   A   000000   000000   000000000000000   000000000000000   0000A0000000
 002070   61020172601   40297X1           2   003   070120   00   000000   0   000000000000000   000   000000000000000   000   000000000000000      000000000000521785   000   000000001565355   0   0000000000   A   0   0000000000   A   000000   000000   000000000000000   000000000000000   0000A0000000
 002070   61020172601   40318X1           2   003   070120   00   000000   0   000000000000000   000   000000000000000   000   000000000000000      000000000003422958   000   000000010268875   0   0000000000   A   0   0000000000   A   000000   000000   000000000000000   000000000000000   0000A0000000
 002070   61020172601   22323X1           2   002   070120   00   000000   0   000000000000000   000   000000000000000   000   000000000000000      000000000001781300   000   000000003562601   0   0000000000   A   0   0000000000   A   000000   000000   000000000000000   000000000000000   0000A0000000
 002070   61020172601   32583X1           2   002   070120   00   000000   0   000000000000000   000   000000000000000   000   000000000000000      000000000000747276   000   000000001494551   0   0000000000   A   0   0000000000   A   000000   000000   000000000000000   000000000000000   0000A0000000
 002070   61020172601   47574X1           2   001   070120   00   000000   0   000000000000000   000   000000000000000   000   000000000000000      000000000003287395   000   000000003287395   0   0000000000   A   0   0000000000   A   000000   000000   000000000000000   000000000000000   0000A0000000
 002070   61020172601   DES00040          2   001   070120   00   000000   0   000000000000000   000   000000000000000   000   000000000000000      000000000000381150   000   000000000381150   0   0000000000   A   0   0000000000   A   000000   000000   000000000000000   000000000000000   0000A0000000
 002070   61020172601   DES00045          2   001   070120   00   000000   0   000000000000000   000   000000000000000   000   000000000000000      000000000000168489   000   000000000168489   0   0000000000   A   0   0000000000   A   000000   000000   000000000000000   000000000000000   0000A0000000
 002070   61020172601   55439X1           2   002   080120   00   000000   0   000000000000000   000   000000000000000   000   000000000000000      000000000003473024   000   000000006946047   0   0000000000   A   0   0000000000   A   000000   000000   000000000000000   000000000000000   0000A0000000
 002070   61020172601   40318X1           2   002   080120   00   000000   0   000000000000000   000   000000000000000   000   000000000000000      000000000003422958   000   000000006845917   0   0000000000   A   0   0000000000   A   000000   000000   000000000000000   000000000000000   0000A0000000
 002070   61020172601   22323X1           2   002   080120   00   000000   0   000000000000000   000   000000000000000   000   000000000000000      000000000001781300   000   000000003562601   0   0000000000   A   0   0000000000   A   000000   000000   000000000000000   000000000000000   0000A0000000
 002070   61020172601   32583X1           2   002   080120   00   000000   0   000000000000000   000   000000000000000   000   000000000000000      000000000000747276   000   000000001494551   0   0000000000   A   0   0000000000   A   000000   000000   000000000000000   000000000000000   0000A0000000
 002070   61020172601   47574X1           2   001   080120   00   000000   0   000000000000000   000   000000000000000   000   000000000000000      000000000003287395   000   000000003287395   0   0000000000   A   0   0000000000   A   000000   000000   000000000000000   000000000000000   0000A0000000
 002070   61020172601   9772X1            2   002   090120   00   000000   0   000000000000000   000   000000000000000   000   000000000000000      000000000000077992   000   000000000155984   0   0000000000   A   0   0000000000   A   000000   000000   000000000000000   000000000000000   0000A0000000
 002070   61020172601   20095X1           2   003   090120   00   000000   0   000000000000000   000   000000000000000   000   000000000000000      000000000000023855   000   000000000071564   0   0000000000   A   0   0000000000   A   000000   000000   000000000000000   000000000000000   0000A0000000
 002070   61020172601   31676X1           2   002   090120   00   000000   0   000000000000000   000   000000000000000   000   000000000000000      000000000000186679   000   000000000373358   0   0000000000   A   0   0000000000   A   000000   000000   000000000000000   000000000000000   0000A0000000
 002070   61020172601   9772X1            2   001   100120   00   000000   0   000000000000000   000   000000000000000   000   000000000000000      000000000000077992   000   000000000077992   0   0000000000   A   0   0000000000   A   000000   000000   000000000000000   000000000000000   0000A0000000
 002070   61020172601   20095X1           2   001   100120   00   000000   0   000000000000000   000   000000000000000   000   000000000000000      000000000000023854   000   000000000023854   0   0000000000   A   0   0000000000   A   000000   000000   000000000000000   000000000000000   0000A0000000
 002070   61020172601   31676X1           2   001   100120   00   000000   0   000000000000000   000   000000000000000   000   000000000000000      000000000000186679   000   000000000186679   0   0000000000   A   0   0000000000   A   000000   000000   000000000000000   000000000000000   0000A0000000
 002070   61841113402   55439X1           2   003   120120   00   000000   0   000000000000000   000   000000000000000   000   000000000000000      000000000003473023   000   000000010419070   0   0000000000   A   0   0000000000   A   000000   000000   000000000000000   000000000000000   0000A0000000
 002070   61841113402   58606X1           2   003   120120   00   000000   0   000000000000000   000   000000000000000   000   000000000000000      000000000000377380   000   000000001132140   0   0000000000   A   0   0000000000   A   000000   000000   000000000000000   000000000000000   0000A0000000
 002070   61841113402   32583X1           2   002   120120   00   000000   0   000000000000000   000   000000000000000   000   000000000000000      000000000000747276   000   000000001494551   0   0000000000   A   0   0000000000   A   000000   000000   000000000000000   000000000000000   0000A0000000
 002070   61841113402   29366X1           2   002   120120   00   000000   0   000000000000000   000   000000000000000   000   000000000000000      000000000000436586   000   000000000873171   0   0000000000   A   0   0000000000   A   000000   000000   000000000000000   000000000000000   0000A0000000
 002070   61841113402   45332X1           2   002   120120   00   000000   0   000000000000000   000   000000000000000   000   000000000000000      000000000001354867   000   000000002709734   0   0000000000   A   0   0000000000   A   000000   000000   000000000000000   000000000000000   0000A0000000
 002070   61252827703   55439X1           2   001   120120   00   000000   0   000000000000000   000   000000000000000   000   000000000000000      000000000003473024   000   000000003473024   0   0000000000   A   0   0000000000   A   000000   000000   000000000000000   000000000000000   0000A0000000
 002070   61252827703   DES00055          2   001   120120   00   000000   0   000000000000000   000   000000000000000   000   000000000000000      000000000001184071   000   000000001184071   0   0000000000   A   0   0000000000   A   000000   000000   000000000000000   000000000000000   0000A0000000
 002070   61252827703   55442X1           2   001   120120   00   000000   0   000000000000000   000   000000000000000   000   000000000000000      000000000004098341   000   000000004098341   0   0000000000   A   0   0000000000   A   000000   000000   000000000000000   000000000000000   0000A0000000
 002070   61252827703   58606X1           2   003   120120   00   000000   0   000000000000000   000   000000000000000   000   000000000000000      000000000000377380   000   000000001132140   0   0000000000   A   0   0000000000   A   000000   000000   000000000000000   000000000000000   0000A0000000
 002070   61252827703   32583X1           2   002   120120   00   000000   0   000000000000000   000   000000000000000   000   000000000000000      000000000000747276   000   000000001494551   0   0000000000   A   0   0000000000   A   000000   000000   000000000000000   000000000000000   0000A0000000
 002070   61252827703   DES00045          2   001   120120   00   000000   0   000000000000000   000   000000000000000   000   000000000000000      000000000000168489   000   000000000168489   0   0000000000   A   0   0000000000   A   000000   000000   000000000000000   000000000000000   0000A0000000
 002070   61252827703   DES00055          2   001   120120   00   000000   0   000000000000000   000   000000000000000   000   000000000000000      000000000001184071   000   000000001184071   0   0000000000   A   0   0000000000   A   000000   000000   000000000000000   000000000000000   0000A0000000
 002070   61252827703   29366X1           2   001   120120   00   000000   0   000000000000000   000   000000000000000   000   000000000000000      000000000000436586   000   000000000436586   0   0000000000   A   0   0000000000   A   000000   000000   000000000000000   000000000000000   0000A0000000
 002070   61252827703   45332X1           2   003   120120   00   000000   0   000000000000000   000   000000000000000   000   000000000000000      000000000001354867   000   000000004064602   0   0000000000   A   0   0000000000   A   000000   000000   000000000000000   000000000000000   0000A0000000
 002070   61252827703   49941X1           2   003   120120   00   000000   0   000000000000000   000   000000000000000   000   000000000000000      000000000001984703   000   000000005954110   0   0000000000   A   0   0000000000   A   000000   000000   000000000000000   000000000000000   0000A0000000
 002070   61252827703   DES00047          2   001   120120   00   000000   0   000000000000000   000   000000000000000   000   000000000000000      000000000004095457   000   000000004095457   0   0000000000   A   0   0000000000   A   000000   000000   000000000000000   000000000000000   0000A0000000
 002070   61252827703   DES00040          2   001   120120   00   000000   0   000000000000000   000   000000000000000   000   000000000000000      000000000000381150   000   000000000381150   0   0000000000   A   0   0000000000   A   000000   000000   000000000000000   000000000000000   0000A0000000
 002070   61252827703   DES00017          2   001   130120   00   000000   0   000000000000000   000   000000000000000   000   000000000000000      000000000000382801   000   000000000382801   0   0000000000   A   0   0000000000   A   000000   000000   000000000000000   000000000000000   0000A0000000
 002070   61252827703   DES00054          2   001   130120   00   000000   0   000000000000000   000   000000000000000   000   000000000000000      000000000000381150   000   000000000381150   0   0000000000   A   0   0000000000   A   000000   000000   000000000000000   000000000000000   0000A0000000
 002070   61841113402   55439X1           2   003   130120   00   000000   0   000000000000000   000   000000000000000   000   000000000000000      000000000003473023   000   000000010419070   0   0000000000   A   0   0000000000   A   000000   000000   000000000000000   000000000000000   0000A0000000
 002070   61841113402   58606X1           2   003   130120   00   000000   0   000000000000000   000   000000000000000   000   000000000000000      000000000000377380   000   000000001132140   0   0000000000   A   0   0000000000   A   000000   000000   000000000000000   000000000000000   0000A0000000
 002070   61841113402   32583X1           2   002   130120   00   000000   0   000000000000000   000   000000000000000   000   000000000000000      000000000000747276   000   000000001494551   0   0000000000   A   0   0000000000   A   000000   000000   000000000000000   000000000000000   0000A0000000
 002070   61841113402   29366X1           2   002   130120   00   000000   0   000000000000000   000   000000000000000   000   000000000000000      000000000000436586   000   000000000873171   0   0000000000   A   0   0000000000   A   000000   000000   000000000000000   000000000000000   0000A0000000
 002070   61841113402   45332X1           2   002   130120   00   000000   0   000000000000000   000   000000000000000   000   000000000000000      000000000001354867   000   000000002709734   0   0000000000   A   0   0000000000   A   000000   000000   000000000000000   000000000000000   0000A0000000
 002070   61020172601   40318X1           2   001   140120   00   000000   0   000000000000000   000   000000000000000   000   000000000000000      000000000003422958   000   000000003422958   0   0000000000   A   0   0000000000   A   000000   000000   000000000000000   000000000000000   0000A0000000
 002070   61519928201   29366X1           2   001   210120   00   000000   0   000000000000000   000   000000000000000   000   000000000000000      000000000000436586   000   000000000436586   0   0000000000   A   0   0000000000   A   000000   000000   000000000000000   000000000000000   0000A0000000
 002070   61519928201   DES00018          2   001   210120   00   000000   0   000000000000000   000   000000000000000   000   000000000000000      000000000000382801   000   000000000382801   0   0000000000   A   0   0000000000   A   000000   000000   000000000000000   000000000000000   0000A0000000
 002070   61519928201   34031X1           2   001   210120   00   000000   0   000000000000000   000   000000000000000   000   000000000000000      000000000001078186   000   000000001078186   0   0000000000   A   0   0000000000   A   000000   000000   000000000000000   000000000000000   0000A0000000
 002070   61519928201   58606X1           2   001   210120   00   000000   0   000000000000000   000   000000000000000   000   000000000000000      000000000000377380   000   000000000377380   0   0000000000   A   0   0000000000   A   000000   000000   000000000000000   000000000000000   0000A0000000
 002070   61519928201   DES00040          2   001   210120   00   000000   0   000000000000000   000   000000000000000   000   000000000000000      000000000000381150   000   000000000381150   0   0000000000   A   0   0000000000   A   000000   000000   000000000000000   000000000000000   0000A0000000
 002070   61519928201   DES00045          2   001   210120   00   000000   0   000000000000000   000   000000000000000   000   000000000000000      000000000000168489   000   000000000168489   0   0000000000   A   0   0000000000   A   000000   000000   000000000000000   000000000000000   0000A0000000
 002070   61519928201   DES00054          2   001   210120   00   000000   0   000000000000000   000   000000000000000   000   000000000000000      000000000000381150   000   000000000381150   0   0000000000   A   0   0000000000   A   000000   000000   000000000000000   000000000000000   0000A0000000
 002070   61519928201   55439X1           2   001   210120   00   000000   0   000000000000000   000   000000000000000   000   000000000000000      000000000003473024   000   000000003473024   0   0000000000   A   0   0000000000   A   000000   000000   000000000000000   000000000000000   0000A0000000
 002070   61519928201   DES00093          2   002   210120   00   000000   0   000000000000000   000   000000000000000   000   000000000000000      000000000002551500   000   000000005103000   0   0000000000   A   0   0000000000   A   000000   000000   000000000000000   000000000000000   0000A0000000
 002070   61519928201   49924X1           2   001   220120   00   000000   0   000000000000000   000   000000000000000   000   000000000000000      000000000001358095   000   000000001358095   0   0000000000   A   0   0000000000   A   000000   000000   000000000000000   000000000000000   0000A0000000
 002070   61519928201   18165X1           2   002   260120   00   000000   0   000000000000000   000   000000000000000   000   000000000000000      000000000000132660   000   000000000265320   0   0000000000   A   0   0000000000   A   000000   000000   000000000000000   000000000000000   0000A0000000
 002070   61120376501   29366X1           2   001   270120   00   000000   0   000000000000000   000   000000000000000   000   000000000000000      000000000000436586   000   000000000436586   0   0000000000   A   0   0000000000   A   000000   000000   000000000000000   000000000000000   0000A0000000
 002070   61120376501   55439X1           2   001   270120   00   000000   0   000000000000000   000   000000000000000   000   000000000000000      000000000003473024   000   000000003473024   0   0000000000   A   0   0000000000   A   000000   000000   000000000000000   000000000000000   0000A0000000
 002070   61120376501   55439X1           2   003   270120   00   000000   0   000000000000000   000   000000000000000   000   000000000000000      000000000003473023   000   000000010419070   0   0000000000   A   0   0000000000   A   000000   000000   000000000000000   000000000000000   0000A0000000
 002070   61120376501   29366X1           2   002   270120   00   000000   0   000000000000000   000   000000000000000   000   000000000000000      000000000000436586   000   000000000873171   0   0000000000   A   0   0000000000   A   000000   000000   000000000000000   000000000000000   0000A0000000
 002070   62348866202   29366X1           2   001   280120   00   000000   0   000000000000000   000   000000000000000   000   000000000000000      000000000000436586   000   000000000436586   0   0000000000   A   0   0000000000   A   000000   000000   000000000000000   000000000000000   0000A0000000
 002070   62348866202   DES00017          2   001   280120   00   000000   0   000000000000000   000   000000000000000   000   000000000000000      000000000000382801   000   000000000382801   0   0000000000   A   0   0000000000   A   000000   000000   000000000000000   000000000000000   0000A0000000
 002070   62348866202   34031X1           2   001   280120   00   000000   0   000000000000000   000   000000000000000   000   000000000000000      000000000001078186   000   000000001078186   0   0000000000   A   0   0000000000   A   000000   000000   000000000000000   000000000000000   0000A0000000
 002070   62348866202   58606X1           2   001   280120   00   000000   0   000000000000000   000   000000000000000   000   000000000000000      000000000000377380   000   000000000377380   0   0000000000   A   0   0000000000   A   000000   000000   000000000000000   000000000000000   0000A0000000
 002070   62348866202   DES00040          2   001   280120   00   000000   0   000000000000000   000   000000000000000   000   000000000000000      000000000000381150   000   000000000381150   0   0000000000   A   0   0000000000   A   000000   000000   000000000000000   000000000000000   0000A0000000
 002070   62348866202   DES00045          2   001   280120   00   000000   0   000000000000000   000   000000000000000   000   000000000000000      000000000000168489   000   000000000168489   0   0000000000   A   0   0000000000   A   000000   000000   000000000000000   000000000000000   0000A0000000
 002070   62348866202   DES00054          2   001   280120   00   000000   0   000000000000000   000   000000000000000   000   000000000000000      000000000000381150   000   000000000381150   0   0000000000   A   0   0000000000   A   000000   000000   000000000000000   000000000000000   0000A0000000
 002070   62348866202   55439X1           2   001   280120   00   000000   0   000000000000000   000   000000000000000   000   000000000000000      000000000003473024   000   000000003473024   0   0000000000   A   0   0000000000   A   000000   000000   000000000000000   000000000000000   0000A0000000
 002070   62348866202   55439X1           2   004   280120   00   000000   0   000000000000000   000   000000000000000   000   000000000000000      000000000003473024   000   000000013892094   0   0000000000   A   0   0000000000   A   000000   000000   000000000000000   000000000000000   0000A0000000
 002070   62348866202   29366X1           2   003   280120   00   000000   0   000000000000000   000   000000000000000   000   000000000000000      000000000000436585   000   000000001309756   0   0000000000   A   0   0000000000   A   000000   000000   000000000000000   000000000000000   0000A0000000
 002070   62348866202   58606X1           2   003   280120   00   000000   0   000000000000000   000   000000000000000   000   000000000000000      000000000000377380   000   000000001132140   0   0000000000   A   0   0000000000   A   000000   000000   000000000000000   000000000000000   0000A0000000
 002070   62348866202   56438X1           2   003   280120   00   000000   0   000000000000000   000   000000000000000   000   000000000000000      000000000001743854   000   000000005231563   0   0000000000   A   0   0000000000   A   000000   000000   000000000000000   000000000000000   0000A0000000
 002070   62348866202   34031X1           2   002   280120   00   000000   0   000000000000000   000   000000000000000   000   000000000000000      000000000001078186   000   000000002156371   0   0000000000   A   0   0000000000   A   000000   000000   000000000000000   000000000000000   0000A0000000
 002070   62348866202   55439X1           2   002   290120   00   000000   0   000000000000000   000   000000000000000   000   000000000000000      000000000003473024   000   000000006946047   0   0000000000   A   0   0000000000   A   000000   000000   000000000000000   000000000000000   0000A0000000
 002070   62348866202   29366X1           2   001   290120   00   000000   0   000000000000000   000   000000000000000   000   000000000000000      000000000000436586   000   000000000436586   0   0000000000   A   0   0000000000   A   000000   000000   000000000000000   000000000000000   0000A0000000
 002070   62348866202   58606X1           2   001   290120   00   000000   0   000000000000000   000   000000000000000   000   000000000000000      000000000000377380   000   000000000377380   0   0000000000   A   0   0000000000   A   000000   000000   000000000000000   000000000000000   0000A0000000
 002070   62348866202   56438X1           2   003   290120   00   000000   0   000000000000000   000   000000000000000   000   000000000000000      000000000001743854   000   000000005231563   0   0000000000   A   0   0000000000   A   000000   000000   000000000000000   000000000000000   0000A0000000
 002070   61120376501   58689X1           2   002   040220   00   000000   0   000000000000000   000   000000000000000   000   000000000000000      000000000003336728   000   000000006673455   0   0000000000   A   0   0000000000   A   000000   000000   000000000000000   000000000000000   0000A0000000
 002070   61120376501   41926X1           2   001   040220   00   000000   0   000000000000000   000   000000000000000   000   000000000000000      000000000000559741   000   000000000559741   0   0000000000   A   0   0000000000   A   000000   000000   000000000000000   000000000000000   0000A0000000
 002070   61120376501   57998X1           2   001   040220   00   000000   0   000000000000000   000   000000000000000   000   000000000000000      000000000000683196   000   000000000683196   0   0000000000   A   0   0000000000   A   000000   000000   000000000000000   000000000000000   0000A0000000
 002070   61120376501   55439X1           2   001   040220   00   000000   0   000000000000000   000   000000000000000   000   000000000000000      000000000003473024   000   000000003473024   0   0000000000   A   0   0000000000   A   000000   000000   000000000000000   000000000000000   0000A0000000
 002070   61120376501   DES00045          2   001   040220   00   000000   0   000000000000000   000   000000000000000   000   000000000000000      000000000000168489   000   000000000168489   0   0000000000   A   0   0000000000   A   000000   000000   000000000000000   000000000000000   0000A0000000
 002070   61120376501   DES00054          2   001   040220   00   000000   0   000000000000000   000   000000000000000   000   000000000000000      000000000000381150   000   000000000381150   0   0000000000   A   0   0000000000   A   000000   000000   000000000000000   000000000000000   0000A0000000
 002070   61120376501   DES00040          2   001   040220   00   000000   0   000000000000000   000   000000000000000   000   000000000000000      000000000000381150   000   000000000381150   0   0000000000   A   0   0000000000   A   000000   000000   000000000000000   000000000000000   0000A0000000
 002070   61120376501   DES00017          2   001   040220   00   000000   0   000000000000000   000   000000000000000   000   000000000000000      000000000000382801   000   000000000382801   0   0000000000   A   0   0000000000   A   000000   000000   000000000000000   000000000000000   0000A0000000
 002070   61120376501   DES00009          2   001   040220   00   000000   0   000000000000000   000   000000000000000   000   000000000000000      000000000000193991   000   000000000193991   0   0000000000   A   0   0000000000   A   000000   000000   000000000000000   000000000000000   0000A0000000
 002070   61120376501   18168X1           2   001   040220   00   000000   0   000000000000000   000   000000000000000   000   000000000000000      000000000000800100   000   000000000800100   0   0000000000   A   0   0000000000   A   000000   000000   000000000000000   000000000000000   0000A0000000
 002070   61020172601   170101            2   001   050120   00   000000   0   000000000740789   000   000000000000000   000   000000000000000      000000000000000000   000   000000000740789   0   0000000000   A   0   0000000000   A   000000   000000   000000000000000   000000000000000   0000A0000000
 002070   61020172601   420303            2   001   050120   00   000000   0   000000000000000   000   000000000000000   000   000000000000000      000000000001211964   000   000000001211964   0   0000000000   A   0   0000000000   A   000000   000000   000000000000000   000000000000000   0000A0000000
 002070   61841113402   340907            2   001   120120   00   000000   0   000000000000000   000   000000000000000   000   000000000000000      000000000002994166   000   000000002994166   0   0000000000   A   0   0000000000   A   000000   000000   000000000000000   000000000000000   0000A0000000
 002070   61519928201   170101            2   001   210120   00   000000   0   000000000740789   000   000000000000000   000   000000000000000      000000000000000000   000   000000000740789   0   0000000000   A   0   0000000000   A   000000   000000   000000000000000   000000000000000   0000A0000000
 002070   61120376501   170101            2   001   270120   00   000000   0   000000000740789   000   000000000000000   000   000000000000000      000000000000000000   000   000000000740789   0   0000000000   A   0   0000000000   A   000000   000000   000000000000000   000000000000000   0000A0000000
 002070   62348866202   170101            2   001   280120   00   000000   0   000000000740789   000   000000000000000   000   000000000000000      000000000000000000   000   000000000740789   0   0000000000   A   0   0000000000   A   000000   000000   000000000000000   000000000000000   0000A0000000
 002070   62348866202   420303            2   001   280120   00   000000   0   000000000000000   000   000000000000000   000   000000000000000      000000000001211964   000   000000001211964   0   0000000000   A   0   0000000000   A   000000   000000   000000000000000   000000000000000   0000A0000000
