 002070   61389271101   58606X1           1   001   170120   00   000000   0   000000000000000   000   000000000000000   000   000000000000000      000000000000377380   000   000000000377380   0   0000000000   A   0   0000000000   A   000000   000000   000000000000000   000000000000000   0000A0000000
 002070   61389271101   41926X1           1   001   170120   00   000000   0   000000000000000   000   000000000000000   000   000000000000000      000000000000559741   000   000000000559741   0   0000000000   A   0   0000000000   A   000000   000000   000000000000000   000000000000000   0000A0000000
 002070   61389271101   29366X1           1   001   170120   00   000000   0   000000000000000   000   000000000000000   000   000000000000000      000000000000436586   000   000000000436586   0   0000000000   A   0   0000000000   A   000000   000000   000000000000000   000000000000000   0000A0000000
 002070   61608645701   58606X1           1   001   270120   00   000000   0   000000000000000   000   000000000000000   000   000000000000000      000000000000377380   000   000000000377380   0   0000000000   A   0   0000000000   A   000000   000000   000000000000000   000000000000000   0000A0000000
 002070   61608645701   34031X1           1   001   270120   00   000000   0   000000000000000   000   000000000000000   000   000000000000000      000000000001078186   000   000000001078186   0   0000000000   A   0   0000000000   A   000000   000000   000000000000000   000000000000000   0000A0000000
 002070   00000000000   420266            1   001   010120   00   000000   0   000000000000000   000   000000000000000   000   000000000000000      000000000001180157   000   000000001180157   0   0000000000   A   0   0000000000   A   000000   000000   000000000000000   000000000000000   0000A0000000
 002070   15203309701   420266            1   001   050120   00   000000   0   000000000000000   000   000000000000000   000   000000000000000      000000000001180157   000   000000001180157   0   0000000000   A   0   0000000000   A   000000   000000   000000000000000   000000000000000   0000A0000000
 002070   08205358601   420266            1   001   130120   00   000000   0   000000000000000   000   000000000000000   000   000000000000000      000000000001180157   000   000000001180157   0   0000000000   A   0   0000000000   A   000000   000000   000000000000000   000000000000000   0000A0000000
 002070   61389271101   420266            1   001   170120   00   000000   0   000000000000000   000   000000000000000   000   000000000000000      000000000001180157   000   000000001180157   0   0000000000   A   0   0000000000   A   000000   000000   000000000000000   000000000000000   0000A0000000
 002070   15203309701   420266            1   001   180120   00   000000   0   000000000000000   000   000000000000000   000   000000000000000      000000000001180157   000   000000001180157   0   0000000000   A   0   0000000000   A   000000   000000   000000000000000   000000000000000   0000A0000000
 002070   62705861101   420266            1   001   190120   00   000000   0   000000000000000   000   000000000000000   000   000000000000000      000000000001180157   000   000000001180157   0   0000000000   A   0   0000000000   A   000000   000000   000000000000000   000000000000000   0000A0000000
 002070   61608645701   420266            1   001   270120   00   000000   0   000000001180157   000   000000000000000   000   000000000000000      000000000000000000   000   000000001180157   0   0000000000   A   0   0000000000   A   000000   000000   000000000000000   000000000000000   0000A0000000
 002070   00000000000   420266            1   001   280120   00   000000   0   000000000000000   000   000000000000000   000   000000000000000      000000000001180157   000   000000001180157   0   0000000000   A   0   0000000000   A   000000   000000   000000000000000   000000000000000   0000A0000000
