 002070   63252816702   430171            2   025   011220   00   000000   0   000000000000000   000   000000000000000   000   000000000000000      000000000020781599   000   000000020781599   0   0000000000   A   0   0000000000   A   000000   000000   000000000000000   000000000000000   0000A0000000
 002070   62602611201   430171            2   001   021225   00   000000   0   000000000000000   000   000000000000000   000   000000000000000      000000000020781599   000   000000020781599   0   0000000000   A   0   0000000000   A   000000   000000   000000000000000   000000000000000   0000A0000000
 002070   61609138803   430171            2   001   031225   00   000000   0   000000000000000   000   000000000000000   000   000000000000000      000000000020781599   000   000000020781599   0   0000000000   A   0   0000000000   A   000000   000000   000000000000000   000000000000000   0000A0000000
 002070   62042086201   430185            2   001   031225   00   000000   0   000000000000000   000   000000000000000   000   000000000000000      000000000007318866   000   000000007318866   0   0000000000   A   0   0000000000   A   000000   000000   000000000000000   000000000000000   0000A0000000
 002070   63126573102   110461            2   001   051225   00   000000   0   000000000000000   000   000000000000000   000   000000000000000      000000000087826238   000   000000087826238   0   0000000000   A   0   0000000000   A   000000   000000   000000000000000   000000000000000   0000A0000000
 002070   63126573102   430105            2   002   051225   00   000000   0   000000000000000   000   000000000000000   000   000000000000000      000000000003091462   000   000000006182924   0   0000000000   A   0   0000000000   A   000000   000000   000000000000000   000000000000000   0000A0000000
 002070   61443619102   430185            2   001   051225   00   000000   0   000000000000000   000   000000000000000   000   000000000000000      000000000007318866   000   000000007318866   0   0000000000   A   0   0000000000   A   000000   000000   000000000000000   000000000000000   0000A0000000
 002070   62651411701   430185            2   001   101225   00   000000   0   000000000000000   000   000000000000000   000   000000000000000      000000000007318866   000   000000007318866   0   0000000000   A   0   0000000000   A   000000   000000   000000000000000   000000000000000   0000A0000000
 002070   61020172601   430171            2   002   111225   00   000000   0   000000000000000   000   000000000000000   000   000000000000000      000000000020781599   000   000000041563198   0   0000000000   A   0   0000000000   A   000000   000000   000000000000000   000000000000000   0000A0000000
 002070   61412785701   430171            2   001   121225   00   000000   0   000000000000000   000   000000000000000   000   000000000000000      000000000020781599   000   000000020781599   0   0000000000   A   0   0000000000   A   000000   000000   000000000000000   000000000000000   0000A0000000
 002070   62651411702   430185            2   001   121225   00   000000   0   000000000000000   000   000000000000000   000   000000000000000      000000000007318866   000   000000007318866   0   0000000000   A   0   0000000000   A   000000   000000   000000000000000   000000000000000   0000A0000000
 002070   63234498801   430171            2   001   121225   00   000000   0   000000000000000   000   000000000000000   000   000000000000000      000000000020781599   000   000000020781599   0   0000000000   A   0   0000000000   A   000000   000000   000000000000000   000000000000000   0000A0000000
 002070   61853435001   430185            2   001   161225   00   000000   0   000000000000000   000   000000000000000   000   000000000000000      000000000007318866   000   000000007318866   0   0000000000   A   0   0000000000   A   000000   000000   000000000000000   000000000000000   0000A0000000
 002070   61412785701   430185            2   001   181225   00   000000   0   000000000000000   000   000000000000000   000   000000000000000      000000000007318866   000   000000007318866   0   0000000000   A   0   0000000000   A   000000   000000   000000000000000   000000000000000   0000A0000000
 002070   62100705501   430171            2   001   231225   00   000000   0   000000000000000   000   000000000000000   000   000000000000000      000000000020781599   000   000000020781599   0   0000000000   A   0   0000000000   A   000000   000000   000000000000000   000000000000000   0000A0000000
 002070   11229803102   400101            2   001   251225   00   000000   0   000000000000000   000   000000000000000   000   000000000000000      000000000034372313   000   000000034372313   0   0000000000   A   0   0000000000   A   000000   000000   000000000000000   000000000000000   0000A0000000
 002070   63106122202   430185            2   001   291225   00   000000   0   000000000000000   000   000000000000000   000   000000000000000      000000000007318866   000   000000007318866   0   0000000000   A   0   0000000000   A   000000   000000   000000000000000   000000000000000   0000A0000000
 002070   63252816702   130113            2   001   011225   00   000000   0   000000000000000   000   000000000000000   000   000000000000000      000000000019766888   000   000000019766888   0   0000000000   A   0   0000000000   A   000000   000000   000000000000000   000000000000000   0000A0000000
 002070   63252816702   431101            2   001   011225   00   000000   0   000000000000000   000   000000000000000   000   000000000000000      000000000001053922   000   000000001053922   0   0000000000   A   0   0000000000   A   000000   000000   000000000000000   000000000000000   0000A0000000
 002070   62602611201   100103            2   001   021225   00   000000   0   000000000000000   000   000000000000000   000   000000000000000      000000000039487269   000   000000039487269   0   0000000000   A   0   0000000000   A   000000   000000   000000000000000   000000000000000   0000A0000000
 002070   61609138803   030410            2   001   031225   00   000000   0   000000000000000   000   000000000000000   000   000000000000000      000000000027305108   000   000000027305108   0   0000000000   A   0   0000000000   A   000000   000000   000000000000000   000000000000000   0000A0000000
 002070   61609138803   431101            2   001   031225   00   000000   0   000000000000000   000   000000000000000   000   000000000000000      000000000001053922   000   000000001053922   0   0000000000   A   0   0000000000   A   000000   000000   000000000000000   000000000000000   0000A0000000
 002070   61020172601   080203            2   001   111225   00   000000   0   000000000000000   000   000000000000000   000   000000000000000      000000000036853520   000   000000036853520   0   0000000000   A   0   0000000000   A   000000   000000   000000000000000   000000000000000   0000A0000000
 002070   61020172601   431101            2   001   111225   00   000000   0   000000000000000   000   000000000000000   000   000000000000000      000000000001053922   000   000000001053922   0   0000000000   A   0   0000000000   A   000000   000000   000000000000000   000000000000000   0000A0000000
 002070   63234498801   080203            2   001   121225   00   000000   0   000000000000000   000   000000000000000   000   000000000000000      000000000036853520   000   000000036853520   0   0000000000   A   0   0000000000   A   000000   000000   000000000000000   000000000000000   0000A0000000
 002070   63234498801   431101            2   001   121225   00   000000   0   000000000000000   000   000000000000000   000   000000000000000      000000000001053922   000   000000001053922   0   0000000000   A   0   0000000000   A   000000   000000   000000000000000   000000000000000   0000A0000000
 002070   62100705501   120303            2   001   231225   00   000000   0   000000000000000   000   000000000000000   000   000000000000000      000000000036853520   000   000000036853520   0   0000000000   A   0   0000000000   A   000000   000000   000000000000000   000000000000000   0000A0000000
 002070   63252816702   020172            2   001   011225   00   000000   0   000000000000000   000   000000000000000   000   000000000000000      000000000003102075   000   000000003102075   0   0000000000   A   0   0000000000   A   000000   000000   000000000000000   000000000000000   0000A0000000
 002070   63252816702   014916            2   025   011225   00   000000   0   000000000000000   000   000000000000000   000   000000000000000      000000000000165190   000   000000004129740   0   0000000000   A   0   0000000000   A   000000   000000   000000000000000   000000000000000   0000A0000000
 002070   63252816702   055439            2   003   011225   00   000000   0   000000000000000   000   000000000000000   000   000000000000000      000000000002125846   000   000000006377538   0   0000000000   A   0   0000000000   A   000000   000000   000000000000000   000000000000000   0000A0000000
 002070   63252816702   019428            2   001   011225   00   000000   0   000000000000000   000   000000000000000   000   000000000000000      000000000000395183   000   000000000395183   0   0000000000   A   0   0000000000   A   000000   000000   000000000000000   000000000000000   0000A0000000
 002070   63252816702   060196            2   001   011225   00   000000   0   000000000000000   000   000000000000000   000   000000000000000      000000000001640790   000   000000001640790   0   0000000000   A   0   0000000000   A   000000   000000   000000000000000   000000000000000   0000A0000000
 002070   63252816702   058689            2   001   011225   00   000000   0   000000000000000   000   000000000000000   000   000000000000000      000000000003336728   000   000000003336728   0   0000000000   A   0   0000000000   A   000000   000000   000000000000000   000000000000000   0000A0000000
 002070   63252816702   045332            2   001   011225   00   000000   0   000000000000000   000   000000000000000   000   000000000000000      000000000001354867   000   000000001354867   0   0000000000   A   0   0000000000   A   000000   000000   000000000000000   000000000000000   0000A0000000
 002070   63252816702   034031            2   001   011225   00   000000   0   000000000000000   000   000000000000000   000   000000000000000      000000000000989161   000   000000000989161   0   0000000000   A   0   0000000000   A   000000   000000   000000000000000   000000000000000   0000A0000000
 002070   63252816702   058606            2   002   011225   00   000000   0   000000000000000   000   000000000000000   000   000000000000000      000000000000377380   000   000000000754760   0   0000000000   A   0   0000000000   A   000000   000000   000000000000000   000000000000000   0000A0000000
 002070   63252816702   058373            2   001   011225   00   000000   0   000000000000000   000   000000000000000   000   000000000000000      000000000000320926   000   000000000320926   0   0000000000   A   0   0000000000   A   000000   000000   000000000000000   000000000000000   0000A0000000
 002070   63252816702   024104            2   001   011225   00   000000   0   000000000000000   000   000000000000000   000   000000000000000      000000000003055590   000   000000003055590   0   0000000000   A   0   0000000000   A   000000   000000   000000000000000   000000000000000   0000A0000000
 002070   63252816702   049924            2   002   011225   00   000000   0   000000000000000   000   000000000000000   000   000000000000000      000000000001358094   000   000000002716189   0   0000000000   A   0   0000000000   A   000000   000000   000000000000000   000000000000000   0000A0000000
 002070   63252816702   018910            2   004   011225   00   000000   0   000000000000000   000   000000000000000   000   000000000000000      000000000001543022   000   000000006172088   0   0000000000   A   0   0000000000   A   000000   000000   000000000000000   000000000000000   0000A0000000
 002070   63252816702   930306            2   005   011225   00   000000   0   000000000000000   000   000000000000000   000   000000000000000      000000000000047855   000   000000000239274   0   0000000000   A   0   0000000000   A   000000   000000   000000000000000   000000000000000   0000A0000000
 002070   63252816702   930306            2   001   011225   00   000000   0   000000000000000   000   000000000000000   000   000000000000000      000000000003420873   000   000000003420873   0   0000000000   A   0   0000000000   A   000000   000000   000000000000000   000000000000000   0000A0000000
 002070   62602611201   022323            2   001   021225   00   000000   0   000000000000000   000   000000000000000   000   000000000000000      000000000001781301   000   000000001781301   0   0000000000   A   0   0000000000   A   000000   000000   000000000000000   000000000000000   0000A0000000
 002070   62602611201   018168            2   002   021225   00   000000   0   000000000000000   000   000000000000000   000   000000000000000      000000000000800100   000   000000001600200   0   0000000000   A   0   0000000000   A   000000   000000   000000000000000   000000000000000   0000A0000000
 002070   62602611201   055443            2   001   021225   00   000000   0   000000000000000   000   000000000000000   000   000000000000000      000000000004444157   000   000000004444157   0   0000000000   A   0   0000000000   A   000000   000000   000000000000000   000000000000000   0000A0000000
 002070   62602611201   056870            2   003   021225   00   000000   0   000000000000000   000   000000000000000   000   000000000000000      000000000003767335   000   000000011302006   0   0000000000   A   0   0000000000   A   000000   000000   000000000000000   000000000000000   0000A0000000
 002070   62602611201   055439            2   003   021225   00   000000   0   000000000000000   000   000000000000000   000   000000000000000      000000000002125846   000   000000006377538   0   0000000000   A   0   0000000000   A   000000   000000   000000000000000   000000000000000   0000A0000000
 002070   62602611201   004066            2   002   021225   00   000000   0   000000000000000   000   000000000000000   000   000000000000000      000000000008605402   000   000000017210804   0   0000000000   A   0   0000000000   A   000000   000000   000000000000000   000000000000000   0000A0000000
 002070   62602611201   057916            2   001   021225   00   000000   0   000000000000000   000   000000000000000   000   000000000000000      000000000003285000   000   000000003285000   0   0000000000   A   0   0000000000   A   000000   000000   000000000000000   000000000000000   0000A0000000
 002070   62602611201   060196            2   001   021225   00   000000   0   000000000000000   000   000000000000000   000   000000000000000      000000000001640790   000   000000001640790   0   0000000000   A   0   0000000000   A   000000   000000   000000000000000   000000000000000   0000A0000000
 002070   62602611201   031837            2   001   021225   00   000000   0   000000000000000   000   000000000000000   000   000000000000000      000000000001140764   000   000000001140764   0   0000000000   A   0   0000000000   A   000000   000000   000000000000000   000000000000000   0000A0000000
 002070   62602611201   034031            2   001   021225   00   000000   0   000000000000000   000   000000000000000   000   000000000000000      000000000000989161   000   000000000989161   0   0000000000   A   0   0000000000   A   000000   000000   000000000000000   000000000000000   0000A0000000
 002070   62602611201   058606            2   002   021225   00   000000   0   000000000000000   000   000000000000000   000   000000000000000      000000000000377380   000   000000000754760   0   0000000000   A   0   0000000000   A   000000   000000   000000000000000   000000000000000   0000A0000000
 002070   62602611201   058373            2   001   021225   00   000000   0   000000000000000   000   000000000000000   000   000000000000000      000000000000320926   000   000000000320926   0   0000000000   A   0   0000000000   A   000000   000000   000000000000000   000000000000000   0000A0000000
 002070   62602611201   049924            2   001   021225   00   000000   0   000000000000000   000   000000000000000   000   000000000000000      000000000001358095   000   000000001358095   0   0000000000   A   0   0000000000   A   000000   000000   000000000000000   000000000000000   0000A0000000
 002070   62602611201   930306            2   005   021225   00   000000   0   000000000000000   000   000000000000000   000   000000000000000      000000000000047855   000   000000000239274   0   0000000000   A   0   0000000000   A   000000   000000   000000000000000   000000000000000   0000A0000000
 002070   61609138803   930306            2   001   031225   00   000000   0   000000000000000   000   000000000000000   000   000000000000000      000000000000747748   000   000000000747748   0   0000000000   A   0   0000000000   A   000000   000000   000000000000000   000000000000000   0000A0000000
 002070   61609138803   057998            2   002   031225   00   000000   0   000000000000000   000   000000000000000   000   000000000000000      000000000000683196   000   000000001366393   0   0000000000   A   0   0000000000   A   000000   000000   000000000000000   000000000000000   0000A0000000
 002070   61609138803   020172            2   001   031225   00   000000   0   000000000000000   000   000000000000000   000   000000000000000      000000000003102075   000   000000003102075   0   0000000000   A   0   0000000000   A   000000   000000   000000000000000   000000000000000   0000A0000000
 002070   61609138803   052001            2   001   031225   00   000000   0   000000000000000   000   000000000000000   000   000000000000000      000000000002826548   000   000000002826548   0   0000000000   A   0   0000000000   A   000000   000000   000000000000000   000000000000000   0000A0000000
 002070   61609138803   014916            2   025   031225   00   000000   0   000000000000000   000   000000000000000   000   000000000000000      000000000000165190   000   000000004129740   0   0000000000   A   0   0000000000   A   000000   000000   000000000000000   000000000000000   0000A0000000
 002070   61609138803   055439            2   004   031225   00   000000   0   000000000000000   000   000000000000000   000   000000000000000      000000000002125846   000   000000008503384   0   0000000000   A   0   0000000000   A   000000   000000   000000000000000   000000000000000   0000A0000000
 002070   61609138803   019428            2   001   031225   00   000000   0   000000000000000   000   000000000000000   000   000000000000000      000000000000395183   000   000000000395183   0   0000000000   A   0   0000000000   A   000000   000000   000000000000000   000000000000000   0000A0000000
 002070   61609138803   060196            2   001   031225   00   000000   0   000000000000000   000   000000000000000   000   000000000000000      000000000001640790   000   000000001640790   0   0000000000   A   0   0000000000   A   000000   000000   000000000000000   000000000000000   0000A0000000
 002070   61609138803   058689            2   001   031225   00   000000   0   000000000000000   000   000000000000000   000   000000000000000      000000000003336728   000   000000003336728   0   0000000000   A   0   0000000000   A   000000   000000   000000000000000   000000000000000   0000A0000000
 002070   61609138803   045332            2   001   031225   00   000000   0   000000000000000   000   000000000000000   000   000000000000000      000000000001354867   000   000000001354867   0   0000000000   A   0   0000000000   A   000000   000000   000000000000000   000000000000000   0000A0000000
 002070   61609138803   034031            2   001   031225   00   000000   0   000000000000000   000   000000000000000   000   000000000000000      000000000000989161   000   000000000989161   0   0000000000   A   0   0000000000   A   000000   000000   000000000000000   000000000000000   0000A0000000
 002070   61609138803   058606            2   002   031225   00   000000   0   000000000000000   000   000000000000000   000   000000000000000      000000000000377380   000   000000000754760   0   0000000000   A   0   0000000000   A   000000   000000   000000000000000   000000000000000   0000A0000000
 002070   61609138803   058373            2   001   031225   00   000000   0   000000000000000   000   000000000000000   000   000000000000000      000000000000320926   000   000000000320926   0   0000000000   A   0   0000000000   A   000000   000000   000000000000000   000000000000000   0000A0000000
 002070   61609138803   024104            2   001   031225   00   000000   0   000000000000000   000   000000000000000   000   000000000000000      000000000003055590   000   000000003055590   0   0000000000   A   0   0000000000   A   000000   000000   000000000000000   000000000000000   0000A0000000
 002070   61609138803   049924            2   001   031225   00   000000   0   000000000000000   000   000000000000000   000   000000000000000      000000000001358095   000   000000001358095   0   0000000000   A   0   0000000000   A   000000   000000   000000000000000   000000000000000   0000A0000000
 002070   61609138803   018910            2   003   031225   00   000000   0   000000000000000   000   000000000000000   000   000000000000000      000000000001543022   000   000000004629066   0   0000000000   A   0   0000000000   A   000000   000000   000000000000000   000000000000000   0000A0000000
 002070   61609138803   930306            2   001   031225   00   000000   0   000000000000000   000   000000000000000   000   000000000000000      000000000000047855   000   000000000047855   0   0000000000   A   0   0000000000   A   000000   000000   000000000000000   000000000000000   0000A0000000
 002070   61609138803   930306            2   001   031225   00   000000   0   000000000000000   000   000000000000000   000   000000000000000      000000000003420873   000   000000003420873   0   0000000000   A   0   0000000000   A   000000   000000   000000000000000   000000000000000   0000A0000000
 002070   61020172601   020172            2   001   111225   00   000000   0   000000000000000   000   000000000000000   000   000000000000000      000000000003102075   000   000000003102075   0   0000000000   A   0   0000000000   A   000000   000000   000000000000000   000000000000000   0000A0000000
 002070   61020172601   052001            2   001   111225   00   000000   0   000000000000000   000   000000000000000   000   000000000000000      000000000002826548   000   000000002826548   0   0000000000   A   0   0000000000   A   000000   000000   000000000000000   000000000000000   0000A0000000
 002070   61020172601   930306            2   001   111225   00   000000   0   000000000000000   000   000000000000000   000   000000000000000      000000000004724997   000   000000004724997   0   0000000000   A   0   0000000000   A   000000   000000   000000000000000   000000000000000   0000A0000000
 002070   61020172601   055439            2   003   111225   00   000000   0   000000000000000   000   000000000000000   000   000000000000000      000000000002125846   000   000000006377538   0   0000000000   A   0   0000000000   A   000000   000000   000000000000000   000000000000000   0000A0000000
 002070   61020172601   050933            2   030   111225   00   000000   0   000000000000000   000   000000000000000   000   000000000000000      000000000000165190   000   000000004955688   0   0000000000   A   0   0000000000   A   000000   000000   000000000000000   000000000000000   0000A0000000
 002070   61020172601   055442            2   001   111225   00   000000   0   000000000000000   000   000000000000000   000   000000000000000      000000000004098341   000   000000004098341   0   0000000000   A   0   0000000000   A   000000   000000   000000000000000   000000000000000   0000A0000000
 002070   61020172601   019428            2   001   111225   00   000000   0   000000000000000   000   000000000000000   000   000000000000000      000000000000395183   000   000000000395183   0   0000000000   A   0   0000000000   A   000000   000000   000000000000000   000000000000000   0000A0000000
 002070   61020172601   060196            2   001   111225   00   000000   0   000000000000000   000   000000000000000   000   000000000000000      000000000001640790   000   000000001640790   0   0000000000   A   0   0000000000   A   000000   000000   000000000000000   000000000000000   0000A0000000
 002070   61020172601   058689            2   001   111225   00   000000   0   000000000000000   000   000000000000000   000   000000000000000      000000000003336728   000   000000003336728   0   0000000000   A   0   0000000000   A   000000   000000   000000000000000   000000000000000   0000A0000000
 002070   61020172601   045332            2   001   111225   00   000000   0   000000000000000   000   000000000000000   000   000000000000000      000000000001354867   000   000000001354867   0   0000000000   A   0   0000000000   A   000000   000000   000000000000000   000000000000000   0000A0000000
 002070   61020172601   034031            2   001   111225   00   000000   0   000000000000000   000   000000000000000   000   000000000000000      000000000000989161   000   000000000989161   0   0000000000   A   0   0000000000   A   000000   000000   000000000000000   000000000000000   0000A0000000
 002070   61020172601   058606            2   002   111225   00   000000   0   000000000000000   000   000000000000000   000   000000000000000      000000000000377380   000   000000000754760   0   0000000000   A   0   0000000000   A   000000   000000   000000000000000   000000000000000   0000A0000000
 002070   61020172601   058373            2   001   111225   00   000000   0   000000000000000   000   000000000000000   000   000000000000000      000000000000320926   000   000000000320926   0   0000000000   A   0   0000000000   A   000000   000000   000000000000000   000000000000000   0000A0000000
 002070   61020172601   049924            2   002   111225   00   000000   0   000000000000000   000   000000000000000   000   000000000000000      000000000001358094   000   000000002716189   0   0000000000   A   0   0000000000   A   000000   000000   000000000000000   000000000000000   0000A0000000
 002070   61020172601   018910            2   004   111225   00   000000   0   000000000000000   000   000000000000000   000   000000000000000      000000000001543022   000   000000006172088   0   0000000000   A   0   0000000000   A   000000   000000   000000000000000   000000000000000   0000A0000000
 002070   61020172601   930306            2   005   111225   00   000000   0   000000000000000   000   000000000000000   000   000000000000000      000000000000047855   000   000000000239274   0   0000000000   A   0   0000000000   A   000000   000000   000000000000000   000000000000000   0000A0000000
 002070   61020172601   930306            2   001   111225   00   000000   0   000000000000000   000   000000000000000   000   000000000000000      000000000003420873   000   000000003420873   0   0000000000   A   0   0000000000   A   000000   000000   000000000000000   000000000000000   0000A0000000
 002070   61020172601   930306            2   001   111225   00   000000   0   000000000000000   000   000000000000000   000   000000000000000      000000000000381150   000   000000000381150   0   0000000000   A   0   0000000000   A   000000   000000   000000000000000   000000000000000   0000A0000000
 002070   63234498801   015010            2   001   121225   00   000000   0   000000000000000   000   000000000000000   000   000000000000000      000000000001553400   000   000000001553400   0   0000000000   A   0   0000000000   A   000000   000000   000000000000000   000000000000000   0000A0000000
 002070   63234498801   020172            2   001   121225   00   000000   0   000000000000000   000   000000000000000   000   000000000000000      000000000003102075   000   000000003102075   0   0000000000   A   0   0000000000   A   000000   000000   000000000000000   000000000000000   0000A0000000
 002070   63234498801   055439            2   003   121225   00   000000   0   000000000000000   000   000000000000000   000   000000000000000      000000000002125846   000   000000006377538   0   0000000000   A   0   0000000000   A   000000   000000   000000000000000   000000000000000   0000A0000000
 002070   63234498801   050933            2   030   121225   00   000000   0   000000000000000   000   000000000000000   000   000000000000000      000000000000165190   000   000000004955688   0   0000000000   A   0   0000000000   A   000000   000000   000000000000000   000000000000000   0000A0000000
 002070   63234498801   019428            2   001   121225   00   000000   0   000000000000000   000   000000000000000   000   000000000000000      000000000000395183   000   000000000395183   0   0000000000   A   0   0000000000   A   000000   000000   000000000000000   000000000000000   0000A0000000
 002070   63234498801   058689            2   001   121225   00   000000   0   000000000000000   000   000000000000000   000   000000000000000      000000000003336728   000   000000003336728   0   0000000000   A   0   0000000000   A   000000   000000   000000000000000   000000000000000   0000A0000000
 002070   63234498801   045332            2   001   121225   00   000000   0   000000000000000   000   000000000000000   000   000000000000000      000000000001354867   000   000000001354867   0   0000000000   A   0   0000000000   A   000000   000000   000000000000000   000000000000000   0000A0000000
 002070   63234498801   034031            2   001   121225   00   000000   0   000000000000000   000   000000000000000   000   000000000000000      000000000000989161   000   000000000989161   0   0000000000   A   0   0000000000   A   000000   000000   000000000000000   000000000000000   0000A0000000
 002070   63234498801   058606            2   002   121225   00   000000   0   000000000000000   000   000000000000000   000   000000000000000      000000000000377380   000   000000000754760   0   0000000000   A   0   0000000000   A   000000   000000   000000000000000   000000000000000   0000A0000000
 002070   63234498801   058373            2   001   121225   00   000000   0   000000000000000   000   000000000000000   000   000000000000000      000000000000320926   000   000000000320926   0   0000000000   A   0   0000000000   A   000000   000000   000000000000000   000000000000000   0000A0000000
 002070   63234498801   024104            2   001   121225   00   000000   0   000000000000000   000   000000000000000   000   000000000000000      000000000003055590   000   000000003055590   0   0000000000   A   0   0000000000   A   000000   000000   000000000000000   000000000000000   0000A0000000
 002070   63234498801   049924            2   002   121225   00   000000   0   000000000000000   000   000000000000000   000   000000000000000      000000000001358094   000   000000002716189   0   0000000000   A   0   0000000000   A   000000   000000   000000000000000   000000000000000   0000A0000000
 002070   63234498801   018910            2   004   121225   00   000000   0   000000000000000   000   000000000000000   000   000000000000000      000000000001543022   000   000000006172088   0   0000000000   A   0   0000000000   A   000000   000000   000000000000000   000000000000000   0000A0000000
 002070   63234498801   930306            2   005   121225   00   000000   0   000000000000000   000   000000000000000   000   000000000000000      000000000000047855   000   000000000239274   0   0000000000   A   0   0000000000   A   000000   000000   000000000000000   000000000000000   0000A0000000
 002070   63234498801   930306            2   001   121225   00   000000   0   000000000000000   000   000000000000000   000   000000000000000      000000000003420873   000   000000003420873   0   0000000000   A   0   0000000000   A   000000   000000   000000000000000   000000000000000   0000A0000000
 002070   63234498801   930306            2   001   121225   00   000000   0   000000000000000   000   000000000000000   000   000000000000000      000000000000381150   000   000000000381150   0   0000000000   A   0   0000000000   A   000000   000000   000000000000000   000000000000000   0000A0000000
 002070   62100705501   015010            2   002   231225   00   000000   0   000000000000000   000   000000000000000   000   000000000000000      000000000001553400   000   000000003106800   0   0000000000   A   0   0000000000   A   000000   000000   000000000000000   000000000000000   0000A0000000
 002070   62100705501   018164            2   001   231225   00   000000   0   000000000000000   000   000000000000000   000   000000000000000      000000000001553400   000   000000001553400   0   0000000000   A   0   0000000000   A   000000   000000   000000000000000   000000000000000   0000A0000000
 002070   62100705501   058689            2   001   231225   00   000000   0   000000000000000   000   000000000000000   000   000000000000000      000000000003336728   000   000000003336728   0   0000000000   A   0   0000000000   A   000000   000000   000000000000000   000000000000000   0000A0000000
 002070   62100705501   055439            2   004   231225   00   000000   0   000000000000000   000   000000000000000   000   000000000000000      000000000002125846   000   000000008503384   0   0000000000   A   0   0000000000   A   000000   000000   000000000000000   000000000000000   0000A0000000
 002070   62100705501   060196            2   001   231225   00   000000   0   000000000000000   000   000000000000000   000   000000000000000      000000000001640790   000   000000001640790   0   0000000000   A   0   0000000000   A   000000   000000   000000000000000   000000000000000   0000A0000000
 002070   62100705501   031837            2   001   231225   00   000000   0   000000000000000   000   000000000000000   000   000000000000000      000000000001140764   000   000000001140764   0   0000000000   A   0   0000000000   A   000000   000000   000000000000000   000000000000000   0000A0000000
 002070   62100705501   045332            2   002   231225   00   000000   0   000000000000000   000   000000000000000   000   000000000000000      000000000001354867   000   000000002709734   0   0000000000   A   0   0000000000   A   000000   000000   000000000000000   000000000000000   0000A0000000
 002070   62100705501   034031            2   001   231225   00   000000   0   000000000000000   000   000000000000000   000   000000000000000      000000000000989161   000   000000000989161   0   0000000000   A   0   0000000000   A   000000   000000   000000000000000   000000000000000   0000A0000000
 002070   62100705501   058606            2   002   231225   00   000000   0   000000000000000   000   000000000000000   000   000000000000000      000000000000377380   000   000000000754760   0   0000000000   A   0   0000000000   A   000000   000000   000000000000000   000000000000000   0000A0000000
 002070   62100705501   049924            2   002   231225   00   000000   0   000000000000000   000   000000000000000   000   000000000000000      000000000001358094   000   000000002716189   0   0000000000   A   0   0000000000   A   000000   000000   000000000000000   000000000000000   0000A0000000
 002070   62100705501   930306            2   005   231225   00   000000   0   000000000000000   000   000000000000000   000   000000000000000      000000000000047855   000   000000000239274   0   0000000000   A   0   0000000000   A   000000   000000   000000000000000   000000000000000   0000A0000000
 002070   62100705501   930306            2   001   231225   00   000000   0   000000000000000   000   000000000000000   000   000000000000000      000000000000381150   000   000000000381150   0   0000000000   A   0   0000000000   A   000000   000000   000000000000000   000000000000000   0000A0000000
 002070   63252816702   055439            2   002   011225   00   000000   0   000000000000000   000   000000000000000   000   000000000000000      000000000002125846   000   000000004251692   0   0000000000   A   0   0000000000   A   000000   000000   000000000000000   000000000000000   0000A0000000
 002070   63252816702   040316            2   002   011225   00   000000   0   000000000000000   000   000000000000000   000   000000000000000      000000000013194070   000   000000026388140   0   0000000000   A   0   0000000000   A   000000   000000   000000000000000   000000000000000   0000A0000000
 002070   63252816702   930306            2   001   011225   00   000000   0   000000000000000   000   000000000000000   000   000000000000000      000000000000381150   000   000000000381150   0   0000000000   A   0   0000000000   A   000000   000000   000000000000000   000000000000000   0000A0000000
 002070   63252816702   930306            2   001   011225   00   000000   0   000000000000000   000   000000000000000   000   000000000000000      000000000001184071   000   000000001184071   0   0000000000   A   0   0000000000   A   000000   000000   000000000000000   000000000000000   0000A0000000
 002070   63252816702   058606            2   003   011225   00   000000   0   000000000000000   000   000000000000000   000   000000000000000      000000000000377380   000   000000001132140   0   0000000000   A   0   0000000000   A   000000   000000   000000000000000   000000000000000   0000A0000000
 002070   63252816702   032583            2   002   011225   00   000000   0   000000000000000   000   000000000000000   000   000000000000000      000000000000747276   000   000000001494551   0   0000000000   A   0   0000000000   A   000000   000000   000000000000000   000000000000000   0000A0000000
 002070   63252816702   930306            2   001   021225   00   000000   0   000000000000000   000   000000000000000   000   000000000000000      000000000000381150   000   000000000381150   0   0000000000   A   0   0000000000   A   000000   000000   000000000000000   000000000000000   0000A0000000
 002070   63252816702   930306            2   001   021225   00   000000   0   000000000000000   000   000000000000000   000   000000000000000      000000000000168489   000   000000000168489   0   0000000000   A   0   0000000000   A   000000   000000   000000000000000   000000000000000   0000A0000000
 002070   62602611201   055439            2   003   021225   00   000000   0   000000000000000   000   000000000000000   000   000000000000000      000000000002125846   000   000000006377538   0   0000000000   A   0   0000000000   A   000000   000000   000000000000000   000000000000000   0000A0000000
 002070   62602611201   058606            2   003   021225   00   000000   0   000000000000000   000   000000000000000   000   000000000000000      000000000000377380   000   000000001132140   0   0000000000   A   0   0000000000   A   000000   000000   000000000000000   000000000000000   0000A0000000
 002070   62602611201   029366            2   003   021225   00   000000   0   000000000000000   000   000000000000000   000   000000000000000      000000000000436585   000   000000001309756   0   0000000000   A   0   0000000000   A   000000   000000   000000000000000   000000000000000   0000A0000000
 002070   62602611201   040316            2   002   021225   00   000000   0   000000000000000   000   000000000000000   000   000000000000000      000000000013194070   000   000000026388140   0   0000000000   A   0   0000000000   A   000000   000000   000000000000000   000000000000000   0000A0000000
 002070   62602611201   930306            2   001   021225   00   000000   0   000000000000000   000   000000000000000   000   000000000000000      000000000000168489   000   000000000168489   0   0000000000   A   0   0000000000   A   000000   000000   000000000000000   000000000000000   0000A0000000
 002070   62602611201   930306            2   001   021225   00   000000   0   000000000000000   000   000000000000000   000   000000000000000      000000000000381150   000   000000000381150   0   0000000000   A   0   0000000000   A   000000   000000   000000000000000   000000000000000   0000A0000000
 002070   62602611201   055439            2   001   031225   00   000000   0   000000000000000   000   000000000000000   000   000000000000000      000000000002125846   000   000000002125846   0   0000000000   A   0   0000000000   A   000000   000000   000000000000000   000000000000000   0000A0000000
 002070   62602611201   058606            2   001   031225   00   000000   0   000000000000000   000   000000000000000   000   000000000000000      000000000000377380   000   000000000377380   0   0000000000   A   0   0000000000   A   000000   000000   000000000000000   000000000000000   0000A0000000
 002070   62602611201   029366            2   001   031225   00   000000   0   000000000000000   000   000000000000000   000   000000000000000      000000000000436586   000   000000000436586   0   0000000000   A   0   0000000000   A   000000   000000   000000000000000   000000000000000   0000A0000000
 002070   61020172601   055439            2   003   111225   00   000000   0   000000000000000   000   000000000000000   000   000000000000000      000000000002125846   000   000000006377538   0   0000000000   A   0   0000000000   A   000000   000000   000000000000000   000000000000000   0000A0000000
 002070   61020172601   058606            2   003   111225   00   000000   0   000000000000000   000   000000000000000   000   000000000000000      000000000000377380   000   000000001132140   0   0000000000   A   0   0000000000   A   000000   000000   000000000000000   000000000000000   0000A0000000
 002070   61020172601   032583            2   002   111225   00   000000   0   000000000000000   000   000000000000000   000   000000000000000      000000000000747276   000   000000001494551   0   0000000000   A   0   0000000000   A   000000   000000   000000000000000   000000000000000   0000A0000000
 002070   61020172601   045332            2   002   111225   00   000000   0   000000000000000   000   000000000000000   000   000000000000000      000000000001354867   000   000000002709734   0   0000000000   A   0   0000000000   A   000000   000000   000000000000000   000000000000000   0000A0000000
 002070   61020172601   029366            2   002   111225   00   000000   0   000000000000000   000   000000000000000   000   000000000000000      000000000000436586   000   000000000873171   0   0000000000   A   0   0000000000   A   000000   000000   000000000000000   000000000000000   0000A0000000
 002070   61020172601   032581            2   002   111225   00   000000   0   000000000000000   000   000000000000000   000   000000000000000      000000000000499670   000   000000000999340   0   0000000000   A   0   0000000000   A   000000   000000   000000000000000   000000000000000   0000A0000000
 002070   61412785701   029366            2   001   111225   00   000000   0   000000000000000   000   000000000000000   000   000000000000000      000000000000436586   000   000000000436586   0   0000000000   A   0   0000000000   A   000000   000000   000000000000000   000000000000000   0000A0000000
 002070   61412785701   930306            2   001   111225   00   000000   0   000000000000000   000   000000000000000   000   000000000000000      000000000000382801   000   000000000382801   0   0000000000   A   0   0000000000   A   000000   000000   000000000000000   000000000000000   0000A0000000
 002070   61412785701   058606            2   001   111225   00   000000   0   000000000000000   000   000000000000000   000   000000000000000      000000000000377380   000   000000000377380   0   0000000000   A   0   0000000000   A   000000   000000   000000000000000   000000000000000   0000A0000000
 002070   61412785701   930306            2   001   111225   00   000000   0   000000000000000   000   000000000000000   000   000000000000000      000000000000381150   000   000000000381150   0   0000000000   A   0   0000000000   A   000000   000000   000000000000000   000000000000000   0000A0000000
 002070   61412785701   930306            2   001   111225   00   000000   0   000000000000000   000   000000000000000   000   000000000000000      000000000000168489   000   000000000168489   0   0000000000   A   0   0000000000   A   000000   000000   000000000000000   000000000000000   0000A0000000
 002070   61412785701   930306            2   001   111225   00   000000   0   000000000000000   000   000000000000000   000   000000000000000      000000000000381150   000   000000000381150   0   0000000000   A   0   0000000000   A   000000   000000   000000000000000   000000000000000   0000A0000000
 002070   61412785701   055439            2   001   111225   00   000000   0   000000000000000   000   000000000000000   000   000000000000000      000000000002125846   000   000000002125846   0   0000000000   A   0   0000000000   A   000000   000000   000000000000000   000000000000000   0000A0000000
 002070   61020172601   055439            2   001   121225   00   000000   0   000000000000000   000   000000000000000   000   000000000000000      000000000002125846   000   000000002125846   0   0000000000   A   0   0000000000   A   000000   000000   000000000000000   000000000000000   0000A0000000
 002070   61020172601   058606            2   003   121225   00   000000   0   000000000000000   000   000000000000000   000   000000000000000      000000000000377380   000   000000001132140   0   0000000000   A   0   0000000000   A   000000   000000   000000000000000   000000000000000   0000A0000000
 002070   61020172601   032583            2   002   121225   00   000000   0   000000000000000   000   000000000000000   000   000000000000000      000000000000747276   000   000000001494551   0   0000000000   A   0   0000000000   A   000000   000000   000000000000000   000000000000000   0000A0000000
 002070   61020172601   045332            2   001   121225   00   000000   0   000000000000000   000   000000000000000   000   000000000000000      000000000001354867   000   000000001354867   0   0000000000   A   0   0000000000   A   000000   000000   000000000000000   000000000000000   0000A0000000
 002070   61020172601   029366            2   002   121225   00   000000   0   000000000000000   000   000000000000000   000   000000000000000      000000000000436586   000   000000000873171   0   0000000000   A   0   0000000000   A   000000   000000   000000000000000   000000000000000   0000A0000000
 002070   61020172601   032581            2   002   121225   00   000000   0   000000000000000   000   000000000000000   000   000000000000000      000000000000499670   000   000000000999340   0   0000000000   A   0   0000000000   A   000000   000000   000000000000000   000000000000000   0000A0000000
 002070   61412785701   055439            2   002   121225   00   000000   0   000000000000000   000   000000000000000   000   000000000000000      000000000002125846   000   000000004251692   0   0000000000   A   0   0000000000   A   000000   000000   000000000000000   000000000000000   0000A0000000
 002070   61412785701   029366            2   002   121225   00   000000   0   000000000000000   000   000000000000000   000   000000000000000      000000000000436586   000   000000000873171   0   0000000000   A   0   0000000000   A   000000   000000   000000000000000   000000000000000   0000A0000000
 002070   63234498801   055442            2   002   121225   00   000000   0   000000000000000   000   000000000000000   000   000000000000000      000000000004098341   000   000000008196682   0   0000000000   A   0   0000000000   A   000000   000000   000000000000000   000000000000000   0000A0000000
 002070   63234498801   055439            2   002   121225   00   000000   0   000000000000000   000   000000000000000   000   000000000000000      000000000002125846   000   000000004251692   0   0000000000   A   0   0000000000   A   000000   000000   000000000000000   000000000000000   0000A0000000
 002070   63234498801   058606            2   003   121225   00   000000   0   000000000000000   000   000000000000000   000   000000000000000      000000000000377380   000   000000001132140   0   0000000000   A   0   0000000000   A   000000   000000   000000000000000   000000000000000   0000A0000000
 002070   63234498801   058373            2   003   121225   00   000000   0   000000000000000   000   000000000000000   000   000000000000000      000000000000320927   000   000000000962780   0   0000000000   A   0   0000000000   A   000000   000000   000000000000000   000000000000000   0000A0000000
 002070   63234498801   029366            2   003   121225   00   000000   0   000000000000000   000   000000000000000   000   000000000000000      000000000000436585   000   000000001309756   0   0000000000   A   0   0000000000   A   000000   000000   000000000000000   000000000000000   0000A0000000
 002070   63234498801   055439            2   001   131225   00   000000   0   000000000000000   000   000000000000000   000   000000000000000      000000000002125846   000   000000002125846   0   0000000000   A   0   0000000000   A   000000   000000   000000000000000   000000000000000   0000A0000000
 002070   62100705501   029366            2   001   231225   00   000000   0   000000000000000   000   000000000000000   000   000000000000000      000000000000436586   000   000000000436586   0   0000000000   A   0   0000000000   A   000000   000000   000000000000000   000000000000000   0000A0000000
 002070   11229803102   930306            2   001   251225   00   000000   0   000000000000000   000   000000000000000   000   000000000000000      000000000000382801   000   000000000382801   0   0000000000   A   0   0000000000   A   000000   000000   000000000000000   000000000000000   0000A0000000
 002070   11229803102   930306            2   001   251225   00   000000   0   000000000000000   000   000000000000000   000   000000000000000      000000000000381150   000   000000000381150   0   0000000000   A   0   0000000000   A   000000   000000   000000000000000   000000000000000   0000A0000000
 002070   11229803102   930306            2   001   251225   00   000000   0   000000000000000   000   000000000000000   000   000000000000000      000000000000168489   000   000000000168489   0   0000000000   A   0   0000000000   A   000000   000000   000000000000000   000000000000000   0000A0000000
 002070   11229803102   930306            2   001   251225   00   000000   0   000000000000000   000   000000000000000   000   000000000000000      000000000000381150   000   000000000381150   0   0000000000   A   0   0000000000   A   000000   000000   000000000000000   000000000000000   0000A0000000
 002070   11229803102   930306            2   001   251225   00   000000   0   000000000000000   000   000000000000000   000   000000000000000      000000000004095457   000   000000004095457   0   0000000000   A   0   0000000000   A   000000   000000   000000000000000   000000000000000   0000A0000000
 002070   11229803102   055439            2   001   251225   00   000000   0   000000000000000   000   000000000000000   000   000000000000000      000000000002125846   000   000000002125846   0   0000000000   A   0   0000000000   A   000000   000000   000000000000000   000000000000000   0000A0000000
 002070   11229803102   930306            2   003   251225   00   000000   0   000000000000000   000   000000000000000   000   000000000000000      000000000000047855   000   000000000143564   0   0000000000   A   0   0000000000   A   000000   000000   000000000000000   000000000000000   0000A0000000
 002070   11229803102   930306            2   001   251225   00   000000   0   000000000000000   000   000000000000000   000   000000000000000      000000000000381150   000   000000000381150   0   0000000000   A   0   0000000000   A   000000   000000   000000000000000   000000000000000   0000A0000000
 002070   11229803102   930306            2   001   251225   00   000000   0   000000000000000   000   000000000000000   000   000000000000000      000000000004095457   000   000000004095457   0   0000000000   A   0   0000000000   A   000000   000000   000000000000000   000000000000000   0000A0000000
 002070   11229803102   058832            2   001   251225   00   000000   0   000000000000000   000   000000000000000   000   000000000000000      000000000000805677   000   000000000805677   0   0000000000   A   0   0000000000   A   000000   000000   000000000000000   000000000000000   0000A0000000
 002070   11229803102   058373            2   001   261225   00   000000   0   000000000000000   000   000000000000000   000   000000000000000      000000000000320926   000   000000000320926   0   0000000000   A   0   0000000000   A   000000   000000   000000000000000   000000000000000   0000A0000000
 002070   11229803102   029366            2   001   261225   00   000000   0   000000000000000   000   000000000000000   000   000000000000000      000000000000436586   000   000000000436586   0   0000000000   A   0   0000000000   A   000000   000000   000000000000000   000000000000000   0000A0000000
 002070   11229803102   053986            2   001   261225   00   000000   0   000000000000000   000   000000000000000   000   000000000000000      000000000000238054   000   000000000238054   0   0000000000   A   0   0000000000   A   000000   000000   000000000000000   000000000000000   0000A0000000
 002070   11229803102   058823            2   003   261225   00   000000   0   000000000000000   000   000000000000000   000   000000000000000      000000000000417988   000   000000001253964   0   0000000000   A   0   0000000000   A   000000   000000   000000000000000   000000000000000   0000A0000000
 002070   11229803102   055439            2   001   261225   00   000000   0   000000000000000   000   000000000000000   000   000000000000000      000000000002125846   000   000000002125846   0   0000000000   A   0   0000000000   A   000000   000000   000000000000000   000000000000000   0000A0000000
 002070   11229803102   058606            2   001   261225   00   000000   0   000000000000000   000   000000000000000   000   000000000000000      000000000000377380   000   000000000377380   0   0000000000   A   0   0000000000   A   000000   000000   000000000000000   000000000000000   0000A0000000
 002070   11229803102   055439            2   002   261225   00   000000   0   000000000000000   000   000000000000000   000   000000000000000      000000000002125846   000   000000004251692   0   0000000000   A   0   0000000000   A   000000   000000   000000000000000   000000000000000   0000A0000000
 002070   11229803102   058606            2   001   261225   00   000000   0   000000000000000   000   000000000000000   000   000000000000000      000000000000377380   000   000000000377380   0   0000000000   A   0   0000000000   A   000000   000000   000000000000000   000000000000000   0000A0000000
 002070   11229803102   058373            2   001   261225   00   000000   0   000000000000000   000   000000000000000   000   000000000000000      000000000000320926   000   000000000320926   0   0000000000   A   0   0000000000   A   000000   000000   000000000000000   000000000000000   0000A0000000
 002070   11229803102   029366            2   001   261225   00   000000   0   000000000000000   000   000000000000000   000   000000000000000      000000000000436586   000   000000000436586   0   0000000000   A   0   0000000000   A   000000   000000   000000000000000   000000000000000   0000A0000000
 002070   11229803102   053986            2   001   261225   00   000000   0   000000000000000   000   000000000000000   000   000000000000000      000000000000238054   000   000000000238054   0   0000000000   A   0   0000000000   A   000000   000000   000000000000000   000000000000000   0000A0000000
 002070   11229803102   029366            2   001   261225   00   000000   0   000000000000000   000   000000000000000   000   000000000000000      000000000000436586   000   000000000436586   0   0000000000   A   0   0000000000   A   000000   000000   000000000000000   000000000000000   0000A0000000
 002070   11229803102   058373            2   001   261225   00   000000   0   000000000000000   000   000000000000000   000   000000000000000      000000000000320926   000   000000000320926   0   0000000000   A   0   0000000000   A   000000   000000   000000000000000   000000000000000   0000A0000000
 002070   11229803102   055439            2   001   261225   00   000000   0   000000000000000   000   000000000000000   000   000000000000000      000000000002125846   000   000000002125846   0   0000000000   A   0   0000000000   A   000000   000000   000000000000000   000000000000000   0000A0000000
 002070   11229803102   053986            2   001   261225   00   000000   0   000000000000000   000   000000000000000   000   000000000000000      000000000000238054   000   000000000238054   0   0000000000   A   0   0000000000   A   000000   000000   000000000000000   000000000000000   0000A0000000
 002070   11229803102   058823            2   001   271225   00   000000   0   000000000000000   000   000000000000000   000   000000000000000      000000000000417988   000   000000000417988   0   0000000000   A   0   0000000000   A   000000   000000   000000000000000   000000000000000   0000A0000000
 002070   62602611201   340907            2   001   021225   00   000000   0   000000000000000   000   000000000000000   000   000000000000000      000000000002941224   000   000000002941224   0   0000000000   A   0   0000000000   A   000000   000000   000000000000000   000000000000000   0000A0000000
 002070   61412785701   420301            2   001   111225   00   000000   0   000000000000000   000   000000000000000   000   000000000000000      000000000001190534   000   000000001190534   0   0000000000   A   0   0000000000   A   000000   000000   000000000000000   000000000000000   0000A0000000
 002070   61412785701   170101            2   001   111225   00   000000   0   000000000740789   000   000000000000000   000   000000000000000      000000000000000000   000   000000000740789   0   0000000000   A   0   0000000000   A   000000   000000   000000000000000   000000000000000   0000A0000000
 002070   61412785701   420303            2   001   111225   00   000000   0   000000000000000   000   000000000000000   000   000000000000000      000000000001190534   000   000000001190534   0   0000000000   A   0   0000000000   A   000000   000000   000000000000000   000000000000000   0000A0000000
 002070   62100705501   340907            2   001   231225   00   000000   0   000000000000000   000   000000000000000   000   000000000000000      000000000002941224   000   000000002941224   0   0000000000   A   0   0000000000   A   000000   000000   000000000000000   000000000000000   0000A0000000
 002070   11229803102   170101            2   001   251225   00   000000   0   000000000740789   000   000000000000000   000   000000000000000      000000000000000000   000   000000000740789   0   0000000000   A   0   0000000000   A   000000   000000   000000000000000   000000000000000   0000A0000000
 002070   11229803102   420303            2   001   251225   00   000000   0   000000000000000   000   000000000000000   000   000000000000000      000000000001190534   000   000000001190534   0   0000000000   A   0   0000000000   A   000000   000000   000000000000000   000000000000000   0000A0000000
