 002070   62033037501   100607            3   026   120220   00   000000   0   000000000000000   000   000000000000000   000   000000000000000      000000000020721351   000   000000020721351   0   0000000000   A   0   0000000000   A   000000   000000   000000000000000   000000000000000   0000A0000000
 002070   62033037501   431101            1   001   120226   00   000000   0   000000000000000   000   000000000000000   000   000000000000000      000000000001095531   000   000000001095531   0   0000000000   A   0   0000000000   A   000000   000000   000000000000000   000000000000000   0000A0000000
 002070   62638219904   031007            3   001   200226   00   000000   0   000000000000000   000   000000000000000   000   000000000000000      000000000015497481   000   000000015497481   0   0000000000   A   0   0000000000   A   000000   000000   000000000000000   000000000000000   0000A0000000
 002070   62638219904   431101            1   001   200226   00   000000   0   000000000000000   000   000000000000000   000   000000000000000      000000000001095531   000   000000001095531   0   0000000000   A   0   0000000000   A   000000   000000   000000000000000   000000000000000   0000A0000000
 002070   62033037501   930306            1   001   120226   00   000000   0   000000000000000   000   000000000000000   000   000000000000000      000000000003937500   000   000000003937500   0   0000000000   A   0   0000000000   A   000000   000000   000000000000000   000000000000000   0000A0000000
 002070   62033037501   015010            1   001   120226   00   000000   0   000000000000000   000   000000000000000   000   000000000000000      000000000001593900   000   000000001593900   0   0000000000   A   0   0000000000   A   000000   000000   000000000000000   000000000000000   0000A0000000
 002070   62033037501   018163            1   001   120226   00   000000   0   000000000000000   000   000000000000000   000   000000000000000      000000000001359000   000   000000001359000   0   0000000000   A   0   0000000000   A   000000   000000   000000000000000   000000000000000   0000A0000000
 002070   62033037501   930306            1   001   120226   00   000000   0   000000000000000   000   000000000000000   000   000000000000000      000000000003420873   000   000000003420873   0   0000000000   A   0   0000000000   A   000000   000000   000000000000000   000000000000000   0000A0000000
 002070   62033037501   055439            1   001   120226   00   000000   0   000000000000000   000   000000000000000   000   000000000000000      000000000003580687   000   000000003580687   0   0000000000   A   0   0000000000   A   000000   000000   000000000000000   000000000000000   0000A0000000
 002070   62033037501   058689            1   001   120226   00   000000   0   000000000000000   000   000000000000000   000   000000000000000      000000000003503563   000   000000003503563   0   0000000000   A   0   0000000000   A   000000   000000   000000000000000   000000000000000   0000A0000000
 002070   62033037501   045332            1   001   120226   00   000000   0   000000000000000   000   000000000000000   000   000000000000000      000000000001517451   000   000000001517451   0   0000000000   A   0   0000000000   A   000000   000000   000000000000000   000000000000000   0000A0000000
 002070   62033037501   034031            1   001   120226   00   000000   0   000000000000000   000   000000000000000   000   000000000000000      000000000001110531   000   000000001110531   0   0000000000   A   0   0000000000   A   000000   000000   000000000000000   000000000000000   0000A0000000
 002070   62033037501   058606            1   001   120226   00   000000   0   000000000000000   000   000000000000000   000   000000000000000      000000000000433987   000   000000000433987   0   0000000000   A   0   0000000000   A   000000   000000   000000000000000   000000000000000   0000A0000000
 002070   62033037501   058373            1   001   120226   00   000000   0   000000000000000   000   000000000000000   000   000000000000000      000000000000353019   000   000000000353019   0   0000000000   A   0   0000000000   A   000000   000000   000000000000000   000000000000000   0000A0000000
 002070   62033037501   049924            1   001   120226   00   000000   0   000000000000000   000   000000000000000   000   000000000000000      000000000001358095   000   000000001358095   0   0000000000   A   0   0000000000   A   000000   000000   000000000000000   000000000000000   0000A0000000
 002070   62033037501   930306            1   001   120226   00   000000   0   000000000000000   000   000000000000000   000   000000000000000      000000000000193991   000   000000000193991   0   0000000000   A   0   0000000000   A   000000   000000   000000000000000   000000000000000   0000A0000000
 002070   62033037501   930306            1   001   120226   00   000000   0   000000000000000   000   000000000000000   000   000000000000000      000000000000382801   000   000000000382801   0   0000000000   A   0   0000000000   A   000000   000000   000000000000000   000000000000000   0000A0000000
 002070   62033037501   930306            1   005   120226   00   000000   0   000000000000000   000   000000000000000   000   000000000000000      000000000000047855   000   000000000239274   0   0000000000   A   0   0000000000   A   000000   000000   000000000000000   000000000000000   0000A0000000
 002070   62033037501   930306            1   001   120226   00   000000   0   000000000000000   000   000000000000000   000   000000000000000      000000000000381150   000   000000000381150   0   0000000000   A   0   0000000000   A   000000   000000   000000000000000   000000000000000   0000A0000000
 002070   62033037501   930306            1   001   120226   00   000000   0   000000000000000   000   000000000000000   000   000000000000000      000000000000168489   000   000000000168489   0   0000000000   A   0   0000000000   A   000000   000000   000000000000000   000000000000000   0000A0000000
 002070   62033037501   930306            1   001   120226   00   000000   0   000000000000000   000   000000000000000   000   000000000000000      000000000000366932   000   000000000366932   0   0000000000   A   0   0000000000   A   000000   000000   000000000000000   000000000000000   0000A0000000
 002070   62638219904   930306            1   001   200226   00   000000   0   000000000000000   000   000000000000000   000   000000000000000      000000000003937500   000   000000003937500   0   0000000000   A   0   0000000000   A   000000   000000   000000000000000   000000000000000   0000A0000000
 002070   62638219904   930306            1   001   200226   00   000000   0   000000000000000   000   000000000000000   000   000000000000000      000000000003420873   000   000000003420873   0   0000000000   A   0   0000000000   A   000000   000000   000000000000000   000000000000000   0000A0000000
 002070   62638219904   015010            1   001   200226   00   000000   0   000000000000000   000   000000000000000   000   000000000000000      000000000001593900   000   000000001593900   0   0000000000   A   0   0000000000   A   000000   000000   000000000000000   000000000000000   0000A0000000
 002070   62638219904   018163            1   001   200226   00   000000   0   000000000000000   000   000000000000000   000   000000000000000      000000000001359000   000   000000001359000   0   0000000000   A   0   0000000000   A   000000   000000   000000000000000   000000000000000   0000A0000000
 002070   62638219904   014916            1   015   200226   00   000000   0   000000000000000   000   000000000000000   000   000000000000000      000000000000165190   000   000000002477844   0   0000000000   A   0   0000000000   A   000000   000000   000000000000000   000000000000000   0000A0000000
 002070   62638219904   055439            1   001   200226   00   000000   0   000000000000000   000   000000000000000   000   000000000000000      000000000003580687   000   000000003580687   0   0000000000   A   0   0000000000   A   000000   000000   000000000000000   000000000000000   0000A0000000
 002070   62638219904   930306            1   001   200226   00   000000   0   000000000000000   000   000000000000000   000   000000000000000      000000000000594156   000   000000000594156   0   0000000000   A   0   0000000000   A   000000   000000   000000000000000   000000000000000   0000A0000000
 002070   62638219904   930306            1   001   200226   00   000000   0   000000000000000   000   000000000000000   000   000000000000000      000000000000618195   000   000000000618195   0   0000000000   A   0   0000000000   A   000000   000000   000000000000000   000000000000000   0000A0000000
 002070   62638219904   930306            1   001   200226   00   000000   0   000000000000000   000   000000000000000   000   000000000000000      000000000000193991   000   000000000193991   0   0000000000   A   0   0000000000   A   000000   000000   000000000000000   000000000000000   0000A0000000
 002070   62638219904   930306            1   005   200226   00   000000   0   000000000000000   000   000000000000000   000   000000000000000      000000000000047855   000   000000000239274   0   0000000000   A   0   0000000000   A   000000   000000   000000000000000   000000000000000   0000A0000000
