 002070   61262415202   110313            3   026   150120   00   000000   0   000000000000000   000   000000000000000   000   000000000000000      000000000030695580   000   000000030695580   0   0000000000   A   0   0000000000   A   000000   000000   000000000000000   000000000000000   0000A0000000
 002070   61262415202   431101            1   001   150126   00   000000   0   000000000000000   000   000000000000000   000   000000000000000      000000000001072893   000   000000001072893   0   0000000000   A   0   0000000000   A   000000   000000   000000000000000   000000000000000   0000A0000000
 002070   61262415202   930306            1   001   150126   00   000000   0   000000000000000   000   000000000000000   000   000000000000000      000000000002551500   000   000000002551500   0   0000000000   A   0   0000000000   A   000000   000000   000000000000000   000000000000000   0000A0000000
 002070   61262415202   930306            1   001   150126   00   000000   0   000000000000000   000   000000000000000   000   000000000000000      000000000003420873   000   000000003420873   0   0000000000   A   0   0000000000   A   000000   000000   000000000000000   000000000000000   0000A0000000
 002070   61262415202   055439            1   003   150126   00   000000   0   000000000000000   000   000000000000000   000   000000000000000      000000000003473023   000   000000010419070   0   0000000000   A   0   0000000000   A   000000   000000   000000000000000   000000000000000   0000A0000000
 002070   61262415202   930306            1   001   150126   00   000000   0   000000000000000   000   000000000000000   000   000000000000000      000000000003937500   000   000000003937500   0   0000000000   A   0   0000000000   A   000000   000000   000000000000000   000000000000000   0000A0000000
 002070   61262415202   058689            1   001   150126   00   000000   0   000000000000000   000   000000000000000   000   000000000000000      000000000003336728   000   000000003336728   0   0000000000   A   0   0000000000   A   000000   000000   000000000000000   000000000000000   0000A0000000
 002070   61262415202   045332            1   001   150126   00   000000   0   000000000000000   000   000000000000000   000   000000000000000      000000000001354867   000   000000001354867   0   0000000000   A   0   0000000000   A   000000   000000   000000000000000   000000000000000   0000A0000000
 002070   61262415202   930306            1   001   150126   00   000000   0   000000000000000   000   000000000000000   000   000000000000000      000000000000193991   000   000000000193991   0   0000000000   A   0   0000000000   A   000000   000000   000000000000000   000000000000000   0000A0000000
 002070   61262415202   930306            1   001   150126   00   000000   0   000000000000000   000   000000000000000   000   000000000000000      000000000000382801   000   000000000382801   0   0000000000   A   0   0000000000   A   000000   000000   000000000000000   000000000000000   0000A0000000
 002070   61262415202   930306            1   001   150126   00   000000   0   000000000000000   000   000000000000000   000   000000000000000      000000000000168489   000   000000000168489   0   0000000000   A   0   0000000000   A   000000   000000   000000000000000   000000000000000   0000A0000000
