 002070   00000000000   34031X1           1   026   020220   00   000000   0   000000000000000   000   000000000000000   000   000000000000000      000000000001078186   000   000000001078186   0   0000000000   A   0   0000000000   A   000000   000000   000000000000000   000000000000000   0000A0000000
 002070   00000000000   040297            1   001   020226   00   000000   0   000000000000000   000   000000000000000   000   000000000000000      000000000000521785   000   000000000521785   0   0000000000   A   0   0000000000   A   000000   000000   000000000000000   000000000000000   0000A0000000
 002070   62893599305   058373            1   001   020226   00   000000   0   000000000000000   000   000000000000000   000   000000000000000      000000000000320926   000   000000000320926   0   0000000000   A   0   0000000000   A   000000   000000   000000000000000   000000000000000   0000A0000000
 002070   62893599305   058606            1   001   020226   00   000000   0   000000000000000   000   000000000000000   000   000000000000000      000000000000377380   000   000000000377380   0   0000000000   A   0   0000000000   A   000000   000000   000000000000000   000000000000000   0000A0000000
 002070   63288432002   040297            1   001   050226   00   000000   0   000000000000000   000   000000000000000   000   000000000000000      000000000000521785   000   000000000521785   0   0000000000   A   0   0000000000   A   000000   000000   000000000000000   000000000000000   0000A0000000
 002070   63288432002   034031            1   001   050226   00   000000   0   000000000000000   000   000000000000000   000   000000000000000      000000000001078186   000   000000001078186   0   0000000000   A   0   0000000000   A   000000   000000   000000000000000   000000000000000   0000A0000000
 002070   00000000000   041926            1   001   090226   00   000000   0   000000000000000   000   000000000000000   000   000000000000000      000000000000559741   000   000000000559741   0   0000000000   A   0   0000000000   A   000000   000000   000000000000000   000000000000000   0000A0000000
 002070   00000000000   029366            1   001   090226   00   000000   0   000000000000000   000   000000000000000   000   000000000000000      000000000000436586   000   000000000436586   0   0000000000   A   0   0000000000   A   000000   000000   000000000000000   000000000000000   0000A0000000
 002070   00000000000   058606            1   001   090226   00   000000   0   000000000000000   000   000000000000000   000   000000000000000      000000000000377380   000   000000000377380   0   0000000000   A   0   0000000000   A   000000   000000   000000000000000   000000000000000   0000A0000000
 002070   63295398402   058606            1   001   120226   00   000000   0   000000000000000   000   000000000000000   000   000000000000000      000000000000377380   000   000000000377380   0   0000000000   A   0   0000000000   A   000000   000000   000000000000000   000000000000000   0000A0000000
 002070   63295398402   034031            1   001   120226   00   000000   0   000000000000000   000   000000000000000   000   000000000000000      000000000001078186   000   000000001078186   0   0000000000   A   0   0000000000   A   000000   000000   000000000000000   000000000000000   0000A0000000
 002070   60831369501   029366            1   001   190226   00   000000   0   000000000000000   000   000000000000000   000   000000000000000      000000000000488976   000   000000000488976   0   0000000000   A   0   0000000000   A   000000   000000   000000000000000   000000000000000   0000A0000000
 002070   60831369501   058606            1   001   190226   00   000000   0   000000000000000   000   000000000000000   000   000000000000000      000000000000433987   000   000000000433987   0   0000000000   A   0   0000000000   A   000000   000000   000000000000000   000000000000000   0000A0000000
 002070   60766741803   034031            1   001   200226   00   000000   0   000000000000000   000   000000000000000   000   000000000000000      000000000001110531   000   000000001110531   0   0000000000   A   0   0000000000   A   000000   000000   000000000000000   000000000000000   0000A0000000
 002070   60766741803   032583            1   001   200226   00   000000   0   000000000000000   000   000000000000000   000   000000000000000      000000000000747275   000   000000000747275   0   0000000000   A   0   0000000000   A   000000   000000   000000000000000   000000000000000   0000A0000000
 002070   62317115401   058606            1   001   230226   00   000000   0   000000000000000   000   000000000000000   000   000000000000000      000000000000433987   000   000000000433987   0   0000000000   A   0   0000000000   A   000000   000000   000000000000000   000000000000000   0000A0000000
 002070   62317115401   031254            1   001   230226   00   000000   0   000000000000000   000   000000000000000   000   000000000000000      000000000001026096   000   000000001026096   0   0000000000   A   0   0000000000   A   000000   000000   000000000000000   000000000000000   0000A0000000
 002070   00000000000   420266            1   001   020226   00   000000   0   000000000000000   000   000000000000000   000   000000000000000      000000000001205058   000   000000001205058   0   0000000000   A   0   0000000000   A   000000   000000   000000000000000   000000000000000   0000A0000000
 002070   62893599305   420266            1   001   020226   00   000000   0   000000000000000   000   000000000000000   000   000000000000000      000000000001205058   000   000000001205058   0   0000000000   A   0   0000000000   A   000000   000000   000000000000000   000000000000000   0000A0000000
 002070   15207745101   185238            1   001   040226   00   000000   0   000000004461403   000   000000000000000   000   000000000000000      000000000000000000   000   000000004461403   0   0000000000   A   0   0000000000   A   000000   000000   000000000000000   000000000000000   0000A0000000
 002070   15205163002   420266            1   001   040226   00   000000   0   000000000000000   000   000000000000000   000   000000000000000      000000000001221313   000   000000001221313   0   0000000000   A   0   0000000000   A   000000   000000   000000000000000   000000000000000   0000A0000000
 002070   63288432002   420266            1   001   050226   00   000000   0   000000000000000   000   000000000000000   000   000000000000000      000000000001205058   000   000000001205058   0   0000000000   A   0   0000000000   A   000000   000000   000000000000000   000000000000000   0000A0000000
 002070   00000000000   420266            1   001   070226   00   000000   0   000000000000000   000   000000000000000   000   000000000000000      000000000001180157   000   000000001180157   0   0000000000   A   0   0000000000   A   000000   000000   000000000000000   000000000000000   0000A0000000
 002070   61925798801   185238            1   001   090226   00   000000   0   000000004461403   000   000000000000000   000   000000000000000      000000000000000000   000   000000004461403   0   0000005480   A   0   0000000000   A   000000   000000   000000000000000   000000000000000   0000A0000000
 002070   00000000000   420266            1   001   090226   00   000000   0   000000000000000   000   000000000000000   000   000000000000000      000000000001205058   000   000000001205058   0   0000000000   A   0   0000000000   A   000000   000000   000000000000000   000000000000000   0000A0000000
 002070   60902218001   185238            1   001   110226   00   000000   0   000000004461403   000   000000000000000   000   000000000000000      000000000000000000   000   000000004461403   0   0000000000   A   0   0000000000   A   000000   000000   000000000000000   000000000000000   0000A0000000
 002070   62210001602   185238            1   001   130226   00   000000   0   000000004461403   000   000000000000000   000   000000000000000      000000000000000000   000   000000004461403   0   0000005480   A   0   0000000000   A   000000   000000   000000000000000   000000000000000   0000A0000000
 002070   63295398402   420266            1   001   130226   00   000000   0   000000000000000   000   000000000000000   000   000000000000000      000000000001205058   000   000000001205058   0   0000000000   A   0   0000000000   A   000000   000000   000000000000000   000000000000000   0000A0000000
 002070   60831369501   420266            1   001   190226   00   000000   0   000000000000000   000   000000000000000   000   000000000000000      000000000001205058   000   000000001205058   0   0000000000   A   0   0000000000   A   000000   000000   000000000000000   000000000000000   0000A0000000
 002070   62584073801   185238            1   001   200226   00   000000   0   000000004461403   000   000000000000000   000   000000000000000      000000000000000000   000   000000004461403   0   0000000000   A   0   0000000000   A   000000   000000   000000000000000   000000000000000   0000A0000000
 002070   62907583101   420266            1   001   200226   00   000000   0   000000000000000   000   000000000000000   000   000000000000000      000000000001205058   000   000000001205058   0   0000000000   A   0   0000000000   A   000000   000000   000000000000000   000000000000000   0000A0000000
 002070   60766741803   420266            1   001   200226   00   000000   0   000000000000000   000   000000000000000   000   000000000000000      000000000001221313   000   000000001221313   0   0000000000   A   0   0000000000   A   000000   000000   000000000000000   000000000000000   0000A0000000
 002070   62317115401   420266            1   001   230226   00   000000   0   000000000000000   000   000000000000000   000   000000000000000      000000000001205058   000   000000001205058   0   0000000000   A   0   0000000000   A   000000   000000   000000000000000   000000000000000   0000A0000000
 002070   61341726603   420266            1   001   260226   00   000000   0   000000000000000   000   000000000000000   000   000000000000000      000000000001205058   000   000000001205058   0   0000000000   A   0   0000000000   A   000000   000000   000000000000000   000000000000000   0000A0000000
