 002070   62977683025   430185            2   001   041120   00   000000   0   000000000000000   000   000000000000000   000   000000000000000      000000000007185926   000   000000007185926   0   0000000000   A   0   0000000000   A   000000   000000   000000000000000   000000000000000   0000A0000000
 002070   63022878601   430171            2   001   061125   00   000000   0   000000000000000   000   000000000000000   000   000000000000000      000000000020404123   000   000000020404123   0   0000000000   A   0   0000000000   A   000000   000000   000000000000000   000000000000000   0000A0000000
 002070   15205777801   430185            2   001   071125   00   000000   0   000000000000000   000   000000000000000   000   000000000000000      000000000007185926   000   000000007185926   0   0000000000   A   0   0000000000   A   000000   000000   000000000000000   000000000000000   0000A0000000
 002070   63215152701   430171            2   003   081125   00   000000   0   000000000000000   000   000000000000000   000   000000000000000      000000000020072920   000   000000060218760   0   0000000000   A   0   0000000000   A   000000   000000   000000000000000   000000000000000   0000A0000000
 002070   63209837503   430171            2   001   111125   00   000000   0   000000000000000   000   000000000000000   000   000000000000000      000000000020404123   000   000000020404123   0   0000000000   A   0   0000000000   A   000000   000000   000000000000000   000000000000000   0000A0000000
 002070   00000000000   430185            2   001   141125   00   000000   0   000000000000000   000   000000000000000   000   000000000000000      000000000007069283   000   000000007069283   0   0000000000   A   0   0000000000   A   000000   000000   000000000000000   000000000000000   0000A0000000
 002070   62977683001   430171            2   001   171125   00   000000   0   000000000000000   000   000000000000000   000   000000000000000      000000000020072920   000   000000020072920   0   0000000000   A   0   0000000000   A   000000   000000   000000000000000   000000000000000   0000A0000000
 002070   62732885601   430171            2   001   201125   00   000000   0   000000000000000   000   000000000000000   000   000000000000000      000000000020072920   000   000000020072920   0   0000000000   A   0   0000000000   A   000000   000000   000000000000000   000000000000000   0000A0000000
 002070   63106117603   430185            2   001   201125   00   000000   0   000000000000000   000   000000000000000   000   000000000000000      000000000007069283   000   000000007069283   0   0000000000   A   0   0000000000   A   000000   000000   000000000000000   000000000000000   0000A0000000
 002070   62845254203   031301            2   001   061125   00   000000   0   000000000000000   000   000000000000000   000   000000000000000      000000000017927557   000   000000017927557   0   0000000000   A   0   0000000000   A   000000   000000   000000000000000   000000000000000   0000A0000000
 002070   62845254203   431101            2   001   061125   00   000000   0   000000000000000   000   000000000000000   000   000000000000000      000000000001034779   000   000000001034779   0   0000000000   A   0   0000000000   A   000000   000000   000000000000000   000000000000000   0000A0000000
 002070   63022878601   100103            2   001   061125   00   000000   0   000000000000000   000   000000000000000   000   000000000000000      000000000039487269   000   000000039487269   0   0000000000   A   0   0000000000   A   000000   000000   000000000000000   000000000000000   0000A0000000
 002070   63209837503   100709            2   001   111125   00   000000   0   000000000000000   000   000000000000000   000   000000000000000      000000000019407814   000   000000019407814   0   0000000000   A   0   0000000000   A   000000   000000   000000000000000   000000000000000   0000A0000000
 002070   62732885601   080709            2   001   201125   00   000000   0   000000000000000   000   000000000000000   000   000000000000000      000000000043848613   000   000000043848613   0   0000000000   A   0   0000000000   A   000000   000000   000000000000000   000000000000000   0000A0000000
 002070   62732885601   431101            2   001   201125   00   000000   0   000000000000000   000   000000000000000   000   000000000000000      000000000001017982   000   000000001017982   0   0000000000   A   0   0000000000   A   000000   000000   000000000000000   000000000000000   0000A0000000
 002070   62845254203   930306            2   001   061125   00   000000   0   000000000000000   000   000000000000000   000   000000000000000      000000000000452970   000   000000000452970   0   0000000000   A   0   0000000000   A   000000   000000   000000000000000   000000000000000   0000A0000000
 002070   62845254203   018164            2   001   061125   00   000000   0   000000000000000   000   000000000000000   000   000000000000000      000000000001464300   000   000000001464300   0   0000000000   A   0   0000000000   A   000000   000000   000000000000000   000000000000000   0000A0000000
 002070   62845254203   052001            2   001   061125   00   000000   0   000000000000000   000   000000000000000   000   000000000000000      000000000002826548   000   000000002826548   0   0000000000   A   0   0000000000   A   000000   000000   000000000000000   000000000000000   0000A0000000
 002070   62845254203   014916            2   015   061125   00   000000   0   000000000000000   000   000000000000000   000   000000000000000      000000000000154522   000   000000002317828   0   0000000000   A   0   0000000000   A   000000   000000   000000000000000   000000000000000   0000A0000000
 002070   62845254203   055439            2   002   061125   00   000000   0   000000000000000   000   000000000000000   000   000000000000000      000000000002125846   000   000000004251692   0   0000000000   A   0   0000000000   A   000000   000000   000000000000000   000000000000000   0000A0000000
 002070   62845254203   020172            2   001   061125   00   000000   0   000000000000000   000   000000000000000   000   000000000000000      000000000003102075   000   000000003102075   0   0000000000   A   0   0000000000   A   000000   000000   000000000000000   000000000000000   0000A0000000
 002070   62845254203   034031            2   001   061125   00   000000   0   000000000000000   000   000000000000000   000   000000000000000      000000000000989161   000   000000000989161   0   0000000000   A   0   0000000000   A   000000   000000   000000000000000   000000000000000   0000A0000000
 002070   62845254203   058373            2   001   061125   00   000000   0   000000000000000   000   000000000000000   000   000000000000000      000000000000320926   000   000000000320926   0   0000000000   A   0   0000000000   A   000000   000000   000000000000000   000000000000000   0000A0000000
 002070   62845254203   018910            2   002   061125   00   000000   0   000000000000000   000   000000000000000   000   000000000000000      000000000001543022   000   000000003086044   0   0000000000   A   0   0000000000   A   000000   000000   000000000000000   000000000000000   0000A0000000
 002070   62845254203   930306            2   005   061125   00   000000   0   000000000000000   000   000000000000000   000   000000000000000      000000000000047855   000   000000000239274   0   0000000000   A   0   0000000000   A   000000   000000   000000000000000   000000000000000   0000A0000000
 002070   62845254203   930306            2   001   061125   00   000000   0   000000000000000   000   000000000000000   000   000000000000000      000000000000320440   000   000000000320440   0   0000000000   A   0   0000000000   A   000000   000000   000000000000000   000000000000000   0000A0000000
 002070   63022878601   022323            2   001   061125   00   000000   0   000000000000000   000   000000000000000   000   000000000000000      000000000001781301   000   000000001781301   0   0000000000   A   0   0000000000   A   000000   000000   000000000000000   000000000000000   0000A0000000
 002070   63022878601   018168            2   001   061125   00   000000   0   000000000000000   000   000000000000000   000   000000000000000      000000000000743400   000   000000000743400   0   0000000000   A   0   0000000000   A   000000   000000   000000000000000   000000000000000   0000A0000000
 002070   63022878601   055443            2   001   061125   00   000000   0   000000000000000   000   000000000000000   000   000000000000000      000000000004444157   000   000000004444157   0   0000000000   A   0   0000000000   A   000000   000000   000000000000000   000000000000000   0000A0000000
 002070   63022878601   056870            2   002   061125   00   000000   0   000000000000000   000   000000000000000   000   000000000000000      000000000003767335   000   000000007534670   0   0000000000   A   0   0000000000   A   000000   000000   000000000000000   000000000000000   0000A0000000
 002070   63022878601   055439            2   003   061125   00   000000   0   000000000000000   000   000000000000000   000   000000000000000      000000000002125846   000   000000006377538   0   0000000000   A   0   0000000000   A   000000   000000   000000000000000   000000000000000   0000A0000000
 002070   63022878601   057916            2   001   061125   00   000000   0   000000000000000   000   000000000000000   000   000000000000000      000000000003123000   000   000000003123000   0   0000000000   A   0   0000000000   A   000000   000000   000000000000000   000000000000000   0000A0000000
 002070   63022878601   060196            2   001   061125   00   000000   0   000000000000000   000   000000000000000   000   000000000000000      000000000001640790   000   000000001640790   0   0000000000   A   0   0000000000   A   000000   000000   000000000000000   000000000000000   0000A0000000
 002070   63022878601   034031            2   001   061125   00   000000   0   000000000000000   000   000000000000000   000   000000000000000      000000000000989161   000   000000000989161   0   0000000000   A   0   0000000000   A   000000   000000   000000000000000   000000000000000   0000A0000000
 002070   63022878601   058606            2   002   061125   00   000000   0   000000000000000   000   000000000000000   000   000000000000000      000000000000377380   000   000000000754760   0   0000000000   A   0   0000000000   A   000000   000000   000000000000000   000000000000000   0000A0000000
 002070   63022878601   058373            2   001   061125   00   000000   0   000000000000000   000   000000000000000   000   000000000000000      000000000000320926   000   000000000320926   0   0000000000   A   0   0000000000   A   000000   000000   000000000000000   000000000000000   0000A0000000
 002070   63022878601   049924            2   001   061125   00   000000   0   000000000000000   000   000000000000000   000   000000000000000      000000000001358095   000   000000001358095   0   0000000000   A   0   0000000000   A   000000   000000   000000000000000   000000000000000   0000A0000000
 002070   63022878601   930306            2   005   061125   00   000000   0   000000000000000   000   000000000000000   000   000000000000000      000000000000047855   000   000000000239274   0   0000000000   A   0   0000000000   A   000000   000000   000000000000000   000000000000000   0000A0000000
 002070   62977683001   058689            2   002   071125   00   000000   0   000000000000000   000   000000000000000   000   000000000000000      000000000003336728   000   000000006673455   0   0000000000   A   0   0000000000   A   000000   000000   000000000000000   000000000000000   0000A0000000
 002070   62977683001   031837            2   002   071125   00   000000   0   000000000000000   000   000000000000000   000   000000000000000      000000000001140764   000   000000002281527   0   0000000000   A   0   0000000000   A   000000   000000   000000000000000   000000000000000   0000A0000000
 002070   62977683001   930306            2   001   071125   00   000000   0   000000000000000   000   000000000000000   000   000000000000000      000000000000193991   000   000000000193991   0   0000000000   A   0   0000000000   A   000000   000000   000000000000000   000000000000000   0000A0000000
 002070   62977683001   055439            2   001   071125   00   000000   0   000000000000000   000   000000000000000   000   000000000000000      000000000002125846   000   000000002125846   0   0000000000   A   0   0000000000   A   000000   000000   000000000000000   000000000000000   0000A0000000
 002070   62977683001   930306            2   001   071125   00   000000   0   000000000000000   000   000000000000000   000   000000000000000      000000000000168489   000   000000000168489   0   0000000000   A   0   0000000000   A   000000   000000   000000000000000   000000000000000   0000A0000000
 002070   63209837503   055439            2   003   111125   00   000000   0   000000000000000   000   000000000000000   000   000000000000000      000000000002125846   000   000000006377538   0   0000000000   A   0   0000000000   A   000000   000000   000000000000000   000000000000000   0000A0000000
 002070   63209837503   019428            2   001   111125   00   000000   0   000000000000000   000   000000000000000   000   000000000000000      000000000000391270   000   000000000391270   0   0000000000   A   0   0000000000   A   000000   000000   000000000000000   000000000000000   0000A0000000
 002070   63209837503   057916            2   001   111125   00   000000   0   000000000000000   000   000000000000000   000   000000000000000      000000000003123000   000   000000003123000   0   0000000000   A   0   0000000000   A   000000   000000   000000000000000   000000000000000   0000A0000000
 002070   63209837503   060196            2   001   111125   00   000000   0   000000000000000   000   000000000000000   000   000000000000000      000000000001640790   000   000000001640790   0   0000000000   A   0   0000000000   A   000000   000000   000000000000000   000000000000000   0000A0000000
 002070   63209837503   031837            2   001   111125   00   000000   0   000000000000000   000   000000000000000   000   000000000000000      000000000001140764   000   000000001140764   0   0000000000   A   0   0000000000   A   000000   000000   000000000000000   000000000000000   0000A0000000
 002070   63209837503   045332            2   001   111125   00   000000   0   000000000000000   000   000000000000000   000   000000000000000      000000000001354867   000   000000001354867   0   0000000000   A   0   0000000000   A   000000   000000   000000000000000   000000000000000   0000A0000000
 002070   63209837503   034031            2   001   111125   00   000000   0   000000000000000   000   000000000000000   000   000000000000000      000000000000989161   000   000000000989161   0   0000000000   A   0   0000000000   A   000000   000000   000000000000000   000000000000000   0000A0000000
 002070   63209837503   058606            2   001   111125   00   000000   0   000000000000000   000   000000000000000   000   000000000000000      000000000000377380   000   000000000377380   0   0000000000   A   0   0000000000   A   000000   000000   000000000000000   000000000000000   0000A0000000
 002070   63209837503   058373            2   001   111125   00   000000   0   000000000000000   000   000000000000000   000   000000000000000      000000000000320926   000   000000000320926   0   0000000000   A   0   0000000000   A   000000   000000   000000000000000   000000000000000   0000A0000000
 002070   63209837503   049924            2   001   111125   00   000000   0   000000000000000   000   000000000000000   000   000000000000000      000000000001358095   000   000000001358095   0   0000000000   A   0   0000000000   A   000000   000000   000000000000000   000000000000000   0000A0000000
 002070   63209837503   930306            2   001   111125   00   000000   0   000000000000000   000   000000000000000   000   000000000000000      000000000003420873   000   000000003420873   0   0000000000   A   0   0000000000   A   000000   000000   000000000000000   000000000000000   0000A0000000
 002070   62732885601   930306            2   001   201125   00   000000   0   000000000000000   000   000000000000000   000   000000000000000      000000000009450000   000   000000009450000   0   0000000000   A   0   0000000000   A   000000   000000   000000000000000   000000000000000   0000A0000000
 002070   62732885601   020172            2   001   201125   00   000000   0   000000000000000   000   000000000000000   000   000000000000000      000000000003102075   000   000000003102075   0   0000000000   A   0   0000000000   A   000000   000000   000000000000000   000000000000000   0000A0000000
 002070   62732885601   015010            2   001   201125   00   000000   0   000000000000000   000   000000000000000   000   000000000000000      000000000001469160   000   000000001469160   0   0000000000   A   0   0000000000   A   000000   000000   000000000000000   000000000000000   0000A0000000
 002070   62732885601   052001            2   001   201125   00   000000   0   000000000000000   000   000000000000000   000   000000000000000      000000000002826548   000   000000002826548   0   0000000000   A   0   0000000000   A   000000   000000   000000000000000   000000000000000   0000A0000000
 002070   62732885601   014916            2   025   201125   00   000000   0   000000000000000   000   000000000000000   000   000000000000000      000000000000154522   000   000000003863048   0   0000000000   A   0   0000000000   A   000000   000000   000000000000000   000000000000000   0000A0000000
 002070   62732885601   055439            2   004   201125   00   000000   0   000000000000000   000   000000000000000   000   000000000000000      000000000002125846   000   000000008503384   0   0000000000   A   0   0000000000   A   000000   000000   000000000000000   000000000000000   0000A0000000
 002070   62732885601   019428            2   001   201125   00   000000   0   000000000000000   000   000000000000000   000   000000000000000      000000000000391270   000   000000000391270   0   0000000000   A   0   0000000000   A   000000   000000   000000000000000   000000000000000   0000A0000000
 002070   62732885601   032583            2   001   201125   00   000000   0   000000000000000   000   000000000000000   000   000000000000000      000000000000747275   000   000000000747275   0   0000000000   A   0   0000000000   A   000000   000000   000000000000000   000000000000000   0000A0000000
 002070   62732885601   060196            2   001   201125   00   000000   0   000000000000000   000   000000000000000   000   000000000000000      000000000001640790   000   000000001640790   0   0000000000   A   0   0000000000   A   000000   000000   000000000000000   000000000000000   0000A0000000
 002070   62732885601   045332            2   001   201125   00   000000   0   000000000000000   000   000000000000000   000   000000000000000      000000000001354867   000   000000001354867   0   0000000000   A   0   0000000000   A   000000   000000   000000000000000   000000000000000   0000A0000000
 002070   62732885601   034031            2   001   201125   00   000000   0   000000000000000   000   000000000000000   000   000000000000000      000000000000989161   000   000000000989161   0   0000000000   A   0   0000000000   A   000000   000000   000000000000000   000000000000000   0000A0000000
 002070   62732885601   058606            2   002   201125   00   000000   0   000000000000000   000   000000000000000   000   000000000000000      000000000000377380   000   000000000754760   0   0000000000   A   0   0000000000   A   000000   000000   000000000000000   000000000000000   0000A0000000
 002070   62732885601   058373            2   001   201125   00   000000   0   000000000000000   000   000000000000000   000   000000000000000      000000000000320926   000   000000000320926   0   0000000000   A   0   0000000000   A   000000   000000   000000000000000   000000000000000   0000A0000000
 002070   62732885601   930306            2   005   201125   00   000000   0   000000000000000   000   000000000000000   000   000000000000000      000000000000047855   000   000000000239274   0   0000000000   A   0   0000000000   A   000000   000000   000000000000000   000000000000000   0000A0000000
 002070   62732885601   930306            2   001   201125   00   000000   0   000000000000000   000   000000000000000   000   000000000000000      000000000003420873   000   000000003420873   0   0000000000   A   0   0000000000   A   000000   000000   000000000000000   000000000000000   0000A0000000
 002070   62732885601   930306            2   001   201125   00   000000   0   000000000000000   000   000000000000000   000   000000000000000      000000000000381150   000   000000000381150   0   0000000000   A   0   0000000000   A   000000   000000   000000000000000   000000000000000   0000A0000000
 002070   63022878601   055439            2   003   061125   00   000000   0   000000000000000   000   000000000000000   000   000000000000000      000000000002125846   000   000000006377538   0   0000000000   A   0   0000000000   A   000000   000000   000000000000000   000000000000000   0000A0000000
 002070   63022878601   029366            2   003   061125   00   000000   0   000000000000000   000   000000000000000   000   000000000000000      000000000000436585   000   000000001309756   0   0000000000   A   0   0000000000   A   000000   000000   000000000000000   000000000000000   0000A0000000
 002070   63022878601   058606            2   002   061125   00   000000   0   000000000000000   000   000000000000000   000   000000000000000      000000000000377380   000   000000000754760   0   0000000000   A   0   0000000000   A   000000   000000   000000000000000   000000000000000   0000A0000000
 002070   63022878601   022323            2   002   061125   00   000000   0   000000000000000   000   000000000000000   000   000000000000000      000000000001781300   000   000000003562601   0   0000000000   A   0   0000000000   A   000000   000000   000000000000000   000000000000000   0000A0000000
 002070   62977683001   930306            2   001   071125   00   000000   0   000000000000000   000   000000000000000   000   000000000000000      000000000000382801   000   000000000382801   0   0000000000   A   0   0000000000   A   000000   000000   000000000000000   000000000000000   0000A0000000
 002070   62977683001   930306            2   001   071125   00   000000   0   000000000000000   000   000000000000000   000   000000000000000      000000000000381150   000   000000000381150   0   0000000000   A   0   0000000000   A   000000   000000   000000000000000   000000000000000   0000A0000000
 002070   62977683001   930306            2   001   071125   00   000000   0   000000000000000   000   000000000000000   000   000000000000000      000000000000168489   000   000000000168489   0   0000000000   A   0   0000000000   A   000000   000000   000000000000000   000000000000000   0000A0000000
 002070   62977683001   930306            2   001   071125   00   000000   0   000000000000000   000   000000000000000   000   000000000000000      000000000000381150   000   000000000381150   0   0000000000   A   0   0000000000   A   000000   000000   000000000000000   000000000000000   0000A0000000
 002070   62977683001   055439            2   001   071125   00   000000   0   000000000000000   000   000000000000000   000   000000000000000      000000000002125846   000   000000002125846   0   0000000000   A   0   0000000000   A   000000   000000   000000000000000   000000000000000   0000A0000000
 002070   62977683001   055439            2   002   071125   00   000000   0   000000000000000   000   000000000000000   000   000000000000000      000000000002125846   000   000000004251692   0   0000000000   A   0   0000000000   A   000000   000000   000000000000000   000000000000000   0000A0000000
 002070   63215152701   029366            2   001   081125   00   000000   0   000000000000000   000   000000000000000   000   000000000000000      000000000000436586   000   000000000436586   0   0000000000   A   0   0000000000   A   000000   000000   000000000000000   000000000000000   0000A0000000
 002070   63215152701   930306            2   001   081125   00   000000   0   000000000000000   000   000000000000000   000   000000000000000      000000000000382801   000   000000000382801   0   0000000000   A   0   0000000000   A   000000   000000   000000000000000   000000000000000   0000A0000000
 002070   63215152701   058606            2   003   081125   00   000000   0   000000000000000   000   000000000000000   000   000000000000000      000000000000377380   000   000000001132140   0   0000000000   A   0   0000000000   A   000000   000000   000000000000000   000000000000000   0000A0000000
 002070   63215152701   930306            2   001   081125   00   000000   0   000000000000000   000   000000000000000   000   000000000000000      000000000000381150   000   000000000381150   0   0000000000   A   0   0000000000   A   000000   000000   000000000000000   000000000000000   0000A0000000
 002070   63215152701   058373            2   001   081125   00   000000   0   000000000000000   000   000000000000000   000   000000000000000      000000000000320926   000   000000000320926   0   0000000000   A   0   0000000000   A   000000   000000   000000000000000   000000000000000   0000A0000000
 002070   63215152701   930306            2   002   081125   00   000000   0   000000000000000   000   000000000000000   000   000000000000000      000000000000168489   000   000000000336978   0   0000000000   A   0   0000000000   A   000000   000000   000000000000000   000000000000000   0000A0000000
 002070   63215152701   930306            2   001   081125   00   000000   0   000000000000000   000   000000000000000   000   000000000000000      000000000000381150   000   000000000381150   0   0000000000   A   0   0000000000   A   000000   000000   000000000000000   000000000000000   0000A0000000
 002070   63215152701   930306            2   001   081125   00   000000   0   000000000000000   000   000000000000000   000   000000000000000      000000000004095457   000   000000004095457   0   0000000000   A   0   0000000000   A   000000   000000   000000000000000   000000000000000   0000A0000000
 002070   63215152701   049515            2   002   081125   00   000000   0   000000000000000   000   000000000000000   000   000000000000000      000000000001389078   000   000000002778156   0   0000000000   A   0   0000000000   A   000000   000000   000000000000000   000000000000000   0000A0000000
 002070   63215152701   055439            2   002   081125   00   000000   0   000000000000000   000   000000000000000   000   000000000000000      000000000002125846   000   000000004251692   0   0000000000   A   0   0000000000   A   000000   000000   000000000000000   000000000000000   0000A0000000
 002070   63215152701   029366            2   003   101125   00   000000   0   000000000000000   000   000000000000000   000   000000000000000      000000000000436585   000   000000001309756   0   0000000000   A   0   0000000000   A   000000   000000   000000000000000   000000000000000   0000A0000000
 002070   63215152701   058373            2   003   101125   00   000000   0   000000000000000   000   000000000000000   000   000000000000000      000000000000320927   000   000000000962780   0   0000000000   A   0   0000000000   A   000000   000000   000000000000000   000000000000000   0000A0000000
 002070   63215152701   055439            2   003   101125   00   000000   0   000000000000000   000   000000000000000   000   000000000000000      000000000002125846   000   000000006377538   0   0000000000   A   0   0000000000   A   000000   000000   000000000000000   000000000000000   0000A0000000
 002070   63215152701   055439            2   002   101125   00   000000   0   000000000000000   000   000000000000000   000   000000000000000      000000000002125846   000   000000004251692   0   0000000000   A   0   0000000000   A   000000   000000   000000000000000   000000000000000   0000A0000000
 002070   63215152701   058606            2   006   101125   00   000000   0   000000000000000   000   000000000000000   000   000000000000000      000000000000377380   000   000000002264279   0   0000000000   A   0   0000000000   A   000000   000000   000000000000000   000000000000000   0000A0000000
 002070   63215152701   049924            2   004   101125   00   000000   0   000000000000000   000   000000000000000   000   000000000000000      000000000001358094   000   000000005432378   0   0000000000   A   0   0000000000   A   000000   000000   000000000000000   000000000000000   0000A0000000
 002070   63215152701   029366            2   001   111125   00   000000   0   000000000000000   000   000000000000000   000   000000000000000      000000000000436586   000   000000000436586   0   0000000000   A   0   0000000000   A   000000   000000   000000000000000   000000000000000   0000A0000000
 002070   63215152701   058373            2   001   111125   00   000000   0   000000000000000   000   000000000000000   000   000000000000000      000000000000320926   000   000000000320926   0   0000000000   A   0   0000000000   A   000000   000000   000000000000000   000000000000000   0000A0000000
 002070   63215152701   055439            2   001   111125   00   000000   0   000000000000000   000   000000000000000   000   000000000000000      000000000002125846   000   000000002125846   0   0000000000   A   0   0000000000   A   000000   000000   000000000000000   000000000000000   0000A0000000
 002070   63215152701   049924            2   001   111125   00   000000   0   000000000000000   000   000000000000000   000   000000000000000      000000000001358095   000   000000001358095   0   0000000000   A   0   0000000000   A   000000   000000   000000000000000   000000000000000   0000A0000000
 002070   63215152701   930306            2   001   181125   00   000000   0   000000000000000   000   000000000000000   000   000000000000000      000000000000381150   000   000000000381150   0   0000000000   A   0   0000000000   A   000000   000000   000000000000000   000000000000000   0000A0000000
 002070   63215152701   058373            2   001   181125   00   000000   0   000000000000000   000   000000000000000   000   000000000000000      000000000000320926   000   000000000320926   0   0000000000   A   0   0000000000   A   000000   000000   000000000000000   000000000000000   0000A0000000
 002070   63215152701   029366            2   001   181125   00   000000   0   000000000000000   000   000000000000000   000   000000000000000      000000000000436586   000   000000000436586   0   0000000000   A   0   0000000000   A   000000   000000   000000000000000   000000000000000   0000A0000000
 002070   63215152701   055439            2   001   181125   00   000000   0   000000000000000   000   000000000000000   000   000000000000000      000000000002125846   000   000000002125846   0   0000000000   A   0   0000000000   A   000000   000000   000000000000000   000000000000000   0000A0000000
 002070   63215152701   058606            2   003   181125   00   000000   0   000000000000000   000   000000000000000   000   000000000000000      000000000000377380   000   000000001132140   0   0000000000   A   0   0000000000   A   000000   000000   000000000000000   000000000000000   0000A0000000
 002070   63215152701   049924            2   002   181125   00   000000   0   000000000000000   000   000000000000000   000   000000000000000      000000000001358094   000   000000002716189   0   0000000000   A   0   0000000000   A   000000   000000   000000000000000   000000000000000   0000A0000000
 002070   63215152701   055439            2   001   181125   00   000000   0   000000000000000   000   000000000000000   000   000000000000000      000000000002125846   000   000000002125846   0   0000000000   A   0   0000000000   A   000000   000000   000000000000000   000000000000000   0000A0000000
 002070   63215152701   055439            2   001   181125   00   000000   0   000000000000000   000   000000000000000   000   000000000000000      000000000002125846   000   000000002125846   0   0000000000   A   0   0000000000   A   000000   000000   000000000000000   000000000000000   0000A0000000
 002070   63215152701   058373            2   001   181125   00   000000   0   000000000000000   000   000000000000000   000   000000000000000      000000000000320926   000   000000000320926   0   0000000000   A   0   0000000000   A   000000   000000   000000000000000   000000000000000   0000A0000000
 002070   63215152701   029366            2   001   181125   00   000000   0   000000000000000   000   000000000000000   000   000000000000000      000000000000436586   000   000000000436586   0   0000000000   A   0   0000000000   A   000000   000000   000000000000000   000000000000000   0000A0000000
 002070   63215152701   055439            2   001   181125   00   000000   0   000000000000000   000   000000000000000   000   000000000000000      000000000002125846   000   000000002125846   0   0000000000   A   0   0000000000   A   000000   000000   000000000000000   000000000000000   0000A0000000
 002070   63215152701   058606            2   003   181125   00   000000   0   000000000000000   000   000000000000000   000   000000000000000      000000000000377380   000   000000001132140   0   0000000000   A   0   0000000000   A   000000   000000   000000000000000   000000000000000   0000A0000000
 002070   63215152701   058373            2   001   181125   00   000000   0   000000000000000   000   000000000000000   000   000000000000000      000000000000320926   000   000000000320926   0   0000000000   A   0   0000000000   A   000000   000000   000000000000000   000000000000000   0000A0000000
 002070   63215152701   029366            2   001   181125   00   000000   0   000000000000000   000   000000000000000   000   000000000000000      000000000000436586   000   000000000436586   0   0000000000   A   0   0000000000   A   000000   000000   000000000000000   000000000000000   0000A0000000
 002070   63215152701   049924            2   004   181125   00   000000   0   000000000000000   000   000000000000000   000   000000000000000      000000000001358094   000   000000005432378   0   0000000000   A   0   0000000000   A   000000   000000   000000000000000   000000000000000   0000A0000000
 002070   63215152701   055439            2   002   181125   00   000000   0   000000000000000   000   000000000000000   000   000000000000000      000000000002125846   000   000000004251692   0   0000000000   A   0   0000000000   A   000000   000000   000000000000000   000000000000000   0000A0000000
 002070   63215152701   058606            2   003   191125   00   000000   0   000000000000000   000   000000000000000   000   000000000000000      000000000000377380   000   000000001132140   0   0000000000   A   0   0000000000   A   000000   000000   000000000000000   000000000000000   0000A0000000
 002070   63215152701   058373            2   001   191125   00   000000   0   000000000000000   000   000000000000000   000   000000000000000      000000000000320926   000   000000000320926   0   0000000000   A   0   0000000000   A   000000   000000   000000000000000   000000000000000   0000A0000000
 002070   63215152701   029366            2   001   191125   00   000000   0   000000000000000   000   000000000000000   000   000000000000000      000000000000436586   000   000000000436586   0   0000000000   A   0   0000000000   A   000000   000000   000000000000000   000000000000000   0000A0000000
 002070   63215152701   049924            2   002   191125   00   000000   0   000000000000000   000   000000000000000   000   000000000000000      000000000001358094   000   000000002716189   0   0000000000   A   0   0000000000   A   000000   000000   000000000000000   000000000000000   0000A0000000
 002070   63215152701   055439            2   002   191125   00   000000   0   000000000000000   000   000000000000000   000   000000000000000      000000000002125846   000   000000004251692   0   0000000000   A   0   0000000000   A   000000   000000   000000000000000   000000000000000   0000A0000000
 002070   63106117603   930306            2   002   201125   00   000000   0   000000000000000   000   000000000000000   000   000000000000000      000000000000381150   000   000000000762300   0   0000000000   A   0   0000000000   A   000000   000000   000000000000000   000000000000000   0000A0000000
 002070   63106117603   034031            2   001   201125   00   000000   0   000000000000000   000   000000000000000   000   000000000000000      000000000000989161   000   000000000989161   0   0000000000   A   0   0000000000   A   000000   000000   000000000000000   000000000000000   0000A0000000
 002070   63106117603   053609            2   001   201125   00   000000   0   000000000000000   000   000000000000000   000   000000000000000      000000000002339334   000   000000002339334   0   0000000000   A   0   0000000000   A   000000   000000   000000000000000   000000000000000   0000A0000000
 002070   63106117603   930306            2   001   201125   00   000000   0   000000000000000   000   000000000000000   000   000000000000000      000000000000366932   000   000000000366932   0   0000000000   A   0   0000000000   A   000000   000000   000000000000000   000000000000000   0000A0000000
 002070   63106117603   055439            2   001   201125   00   000000   0   000000000000000   000   000000000000000   000   000000000000000      000000000001311012   000   000000001311012   0   0000000000   A   0   0000000000   A   000000   000000   000000000000000   000000000000000   0000A0000000
 002070   63106117603   055439            2   001   201125   00   000000   0   000000000000000   000   000000000000000   000   000000000000000      000000000001311012   000   000000001311012   0   0000000000   A   0   0000000000   A   000000   000000   000000000000000   000000000000000   0000A0000000
 002070   62732885601   055442            2   002   201125   00   000000   0   000000000000000   000   000000000000000   000   000000000000000      000000000004098341   000   000000008196682   0   0000000000   A   0   0000000000   A   000000   000000   000000000000000   000000000000000   0000A0000000
 002070   62732885601   055439            2   002   201125   00   000000   0   000000000000000   000   000000000000000   000   000000000000000      000000000002125846   000   000000004251692   0   0000000000   A   0   0000000000   A   000000   000000   000000000000000   000000000000000   0000A0000000
 002070   62732885601   058606            2   003   201125   00   000000   0   000000000000000   000   000000000000000   000   000000000000000      000000000000377380   000   000000001132140   0   0000000000   A   0   0000000000   A   000000   000000   000000000000000   000000000000000   0000A0000000
 002070   62732885601   058373            2   003   201125   00   000000   0   000000000000000   000   000000000000000   000   000000000000000      000000000000320927   000   000000000962780   0   0000000000   A   0   0000000000   A   000000   000000   000000000000000   000000000000000   0000A0000000
 002070   62732885601   029366            2   003   201125   00   000000   0   000000000000000   000   000000000000000   000   000000000000000      000000000000436585   000   000000001309756   0   0000000000   A   0   0000000000   A   000000   000000   000000000000000   000000000000000   0000A0000000
 002070   63106117603   053609            2   001   201125   00   000000   0   000000000000000   000   000000000000000   000   000000000000000      000000000002339334   000   000000002339334   0   0000000000   A   0   0000000000   A   000000   000000   000000000000000   000000000000000   0000A0000000
 002070   62732885601   055442            2   001   211125   00   000000   0   000000000000000   000   000000000000000   000   000000000000000      000000000004098341   000   000000004098341   0   0000000000   A   0   0000000000   A   000000   000000   000000000000000   000000000000000   0000A0000000
 002070   62732885601   058606            2   001   211125   00   000000   0   000000000000000   000   000000000000000   000   000000000000000      000000000000377380   000   000000000377380   0   0000000000   A   0   0000000000   A   000000   000000   000000000000000   000000000000000   0000A0000000
 002070   62732885601   058373            2   001   211125   00   000000   0   000000000000000   000   000000000000000   000   000000000000000      000000000000320926   000   000000000320926   0   0000000000   A   0   0000000000   A   000000   000000   000000000000000   000000000000000   0000A0000000
 002070   62977683001   420303            2   001   071125   00   000000   0   000000000000000   000   000000000000000   000   000000000000000      000000000001149935   000   000000001149935   0   0000000000   A   0   0000000000   A   000000   000000   000000000000000   000000000000000   0000A0000000
 002070   63215152701   170101            2   001   081125   00   000000   0   000000000740789   000   000000000000000   000   000000000000000      000000000000000000   000   000000000740789   0   0000000000   A   0   0000000000   A   000000   000000   000000000000000   000000000000000   0000A0000000
 002070   63215152701   420303            2   001   081125   00   000000   0   000000001149935   000   000000000000000   000   000000000000000      000000000000000000   000   000000001149935   0   0000000000   A   0   0000000000   A   000000   000000   000000000000000   000000000000000   0000A0000000
 002070   62977683001   170101            2   001   171125   00   000000   0   000000000740789   000   000000000000000   000   000000000000000      000000000000000000   000   000000000740789   0   0000000000   A   0   0000000000   A   000000   000000   000000000000000   000000000000000   0000A0000000
