 002070   63097722302   34031X1           1   025   261120   00   000000   0   000000000000000   000   000000000000000   000   000000000000000      000000000000989161   000   000000000989161   0   0000000000   A   0   0000000000   A   000000   000000   000000000000000   000000000000000   0000A0000000
 002070   63097722302   053609            1   001   261125   00   000000   0   000000000000000   000   000000000000000   000   000000000000000      000000000000486142   000   000000000486142   0   0000000000   A   0   0000000000   A   000000   000000   000000000000000   000000000000000   0000A0000000
 002070   61170951001   058606            1   001   291125   00   000000   0   000000000000000   000   000000000000000   000   000000000000000      000000000000377380   000   000000000377380   0   0000000000   A   0   0000000000   A   000000   000000   000000000000000   000000000000000   0000A0000000
 002070   63211279301   058606            1   001   011225   00   000000   0   000000000000000   000   000000000000000   000   000000000000000      000000000000377380   000   000000000377380   0   0000000000   A   0   0000000000   A   000000   000000   000000000000000   000000000000000   0000A0000000
 002070   63211279301   034031            1   001   011225   00   000000   0   000000000000000   000   000000000000000   000   000000000000000      000000000000989161   000   000000000989161   0   0000000000   A   0   0000000000   A   000000   000000   000000000000000   000000000000000   0000A0000000
 002070   63141365001   029366            1   001   011225   00   000000   0   000000000000000   000   000000000000000   000   000000000000000      000000000000436586   000   000000000436586   0   0000000000   A   0   0000000000   A   000000   000000   000000000000000   000000000000000   0000A0000000
 002070   63141365001   058606            1   001   011225   00   000000   0   000000000000000   000   000000000000000   000   000000000000000      000000000000377380   000   000000000377380   0   0000000000   A   0   0000000000   A   000000   000000   000000000000000   000000000000000   0000A0000000
 002070   63141365001   058373            1   001   011225   00   000000   0   000000000000000   000   000000000000000   000   000000000000000      000000000000320926   000   000000000320926   0   0000000000   A   0   0000000000   A   000000   000000   000000000000000   000000000000000   0000A0000000
 002070   63258032001   034031            1   001   121225   00   000000   0   000000000000000   000   000000000000000   000   000000000000000      000000000000989161   000   000000000989161   0   0000000000   A   0   0000000000   A   000000   000000   000000000000000   000000000000000   0000A0000000
 002070   63258032001   032583            1   001   121225   00   000000   0   000000000000000   000   000000000000000   000   000000000000000      000000000000747275   000   000000000747275   0   0000000000   A   0   0000000000   A   000000   000000   000000000000000   000000000000000   0000A0000000
 002070   63258032001   053609            1   001   121225   00   000000   0   000000000000000   000   000000000000000   000   000000000000000      000000000000486142   000   000000000486142   0   0000000000   A   0   0000000000   A   000000   000000   000000000000000   000000000000000   0000A0000000
 002070   11229803102   930306            1   001   251225   00   000000   0   000000000000000   000   000000000000000   000   000000000000000      000000000004095457   000   000000004095457   0   0000000000   A   0   0000000000   A   000000   000000   000000000000000   000000000000000   0000A0000000
 002070   11229803102   930306            1   001   251225   00   000000   0   000000000000000   000   000000000000000   000   000000000000000      000000000000381150   000   000000000381150   0   0000000000   A   0   0000000000   A   000000   000000   000000000000000   000000000000000   0000A0000000
 002070   11229803102   930306            1   001   251225   00   000000   0   000000000000000   000   000000000000000   000   000000000000000      000000000000382801   000   000000000382801   0   0000000000   A   0   0000000000   A   000000   000000   000000000000000   000000000000000   0000A0000000
 002070   11229803102   930306            1   001   251225   00   000000   0   000000000000000   000   000000000000000   000   000000000000000      000000000000381150   000   000000000381150   0   0000000000   A   0   0000000000   A   000000   000000   000000000000000   000000000000000   0000A0000000
 002070   11229803102   930306            1   001   251225   00   000000   0   000000000000000   000   000000000000000   000   000000000000000      000000000000168489   000   000000000168489   0   0000000000   A   0   0000000000   A   000000   000000   000000000000000   000000000000000   0000A0000000
 002070   11229803102   930306            1   001   251225   00   000000   0   000000000000000   000   000000000000000   000   000000000000000      000000000000366932   000   000000000366932   0   0000000000   A   0   0000000000   A   000000   000000   000000000000000   000000000000000   0000A0000000
 002070   11229803102   055439            1   001   251225   00   000000   0   000000000000000   000   000000000000000   000   000000000000000      000000000002125846   000   000000002125846   0   0000000000   A   0   0000000000   A   000000   000000   000000000000000   000000000000000   0000A0000000
 002070   62554601502   041926            1   001   271225   00   000000   0   000000000000000   000   000000000000000   000   000000000000000      000000000000559741   000   000000000559741   0   0000000000   A   0   0000000000   A   000000   000000   000000000000000   000000000000000   0000A0000000
 002070   62554601502   058606            1   001   271225   00   000000   0   000000000000000   000   000000000000000   000   000000000000000      000000000000377380   000   000000000377380   0   0000000000   A   0   0000000000   A   000000   000000   000000000000000   000000000000000   0000A0000000
 002070   63044079301   053609            1   001   291225   00   000000   0   000000000000000   000   000000000000000   000   000000000000000      000000000000486142   000   000000000486142   0   0000000000   A   0   0000000000   A   000000   000000   000000000000000   000000000000000   0000A0000000
 002070   63044079301   034031            1   001   291225   00   000000   0   000000000000000   000   000000000000000   000   000000000000000      000000000000989161   000   000000000989161   0   0000000000   A   0   0000000000   A   000000   000000   000000000000000   000000000000000   0000A0000000
 002070   62983739101   420266            1   001   231125   00   000000   0   000000000000000   000   000000000000000   000   000000000000000      000000000001159290   000   000000001159290   0   0000000000   A   0   0000000000   A   000000   000000   000000000000000   000000000000000   0000A0000000
 002070   63097722302   420266            1   001   261125   00   000000   0   000000000000000   000   000000000000000   000   000000000000000      000000000001159290   000   000000001159290   0   0000000000   A   0   0000000000   A   000000   000000   000000000000000   000000000000000   0000A0000000
 002070   61648351002   180125            1   001   271125   00   000000   0   000000004461403   000   000000000000000   000   000000000000000      000000000000000000   000   000000004461403   0   0000000000   A   0   0000000000   A   000000   000000   000000000000000   000000000000000   0000A0000000
 002070   61170951001   420266            1   001   291125   00   000000   0   000000000000000   000   000000000000000   000   000000000000000      000000000001174927   000   000000001174927   0   0000000000   A   0   0000000000   A   000000   000000   000000000000000   000000000000000   0000A0000000
 002070   63211279301   420266            1   001   011225   00   000000   0   000000000000000   000   000000000000000   000   000000000000000      000000000001159290   000   000000001159290   0   0000000000   A   0   0000000000   A   000000   000000   000000000000000   000000000000000   0000A0000000
 002070   63141365001   420266            1   001   011225   00   000000   0   000000000000000   000   000000000000000   000   000000000000000      000000000001174927   000   000000001174927   0   0000000000   A   0   0000000000   A   000000   000000   000000000000000   000000000000000   0000A0000000
 002070   62727742902   420266            1   001   031225   00   000000   0   000000000000000   000   000000000000000   000   000000000000000      000000000001159290   000   000000001159290   0   0000000000   A   0   0000000000   A   000000   000000   000000000000000   000000000000000   0000A0000000
 002070   61120377302   180125            1   001   031225   00   000000   0   000000004461403   000   000000000000000   000   000000000000000      000000000000000000   000   000000004461403   0   0000000000   A   0   0000000000   A   000000   000000   000000000000000   000000000000000   0000A0000000
 002070   61443619102   420266            1   001   051225   00   000000   0   000000000000000   000   000000000000000   000   000000000000000      000000000001159290   000   000000001159290   0   0000000000   A   0   0000000000   A   000000   000000   000000000000000   000000000000000   0000A0000000
 002070   00000000000   420266            1   001   101225   00   000000   0   000000000000000   000   000000000000000   000   000000000000000      000000000001159290   000   000000001159290   0   0000000000   A   0   0000000000   A   000000   000000   000000000000000   000000000000000   0000A0000000
 002070   62984834201   420266            1   001   101225   00   000000   0   000000000000000   000   000000000000000   000   000000000000000      000000000001159290   000   000000001159290   0   0000000000   A   0   0000000000   A   000000   000000   000000000000000   000000000000000   0000A0000000
 002070   61682935202   420266            1   001   101225   00   000000   0   000000000000000   000   000000000000000   000   000000000000000      000000000001174927   000   000000001174927   0   0000000000   A   0   0000000000   A   000000   000000   000000000000000   000000000000000   0000A0000000
 002070   61412785701   420266            1   001   111225   00   000000   0   000000000000000   000   000000000000000   000   000000000000000      000000000001159290   000   000000001159290   0   0000000000   A   0   0000000000   A   000000   000000   000000000000000   000000000000000   0000A0000000
 002070   63258032001   420266            1   001   121225   00   000000   0   000000000000000   000   000000000000000   000   000000000000000      000000000001159290   000   000000001159290   0   0000000000   A   0   0000000000   A   000000   000000   000000000000000   000000000000000   0000A0000000
 002070   60766741803   420266            1   001   181225   00   000000   0   000000000000000   000   000000000000000   000   000000000000000      000000000001174927   000   000000001174927   0   0000000000   A   0   0000000000   A   000000   000000   000000000000000   000000000000000   0000A0000000
 002070   61446039404   420266            1   001   221225   00   000000   0   000000000000000   000   000000000000000   000   000000000000000      000000000001159290   000   000000001159290   0   0000000000   A   0   0000000000   A   000000   000000   000000000000000   000000000000000   0000A0000000
 002070   11229803102   420266            1   001   251225   00   000000   0   000000000000000   000   000000000000000   000   000000000000000      000000000001159290   000   000000001159290   0   0000000000   A   0   0000000000   A   000000   000000   000000000000000   000000000000000   0000A0000000
 002070   62554601502   420266            1   001   271225   00   000000   0   000000000000000   000   000000000000000   000   000000000000000      000000000001159290   000   000000001159290   0   0000000000   A   0   0000000000   A   000000   000000   000000000000000   000000000000000   0000A0000000
 002070   00000000000   420266            1   001   281225   00   000000   0   000000000000000   000   000000000000000   000   000000000000000      000000000001159290   000   000000001159290   0   0000000000   A   0   0000000000   A   000000   000000   000000000000000   000000000000000   0000A0000000
 002070   63044079301   420266            1   001   291225   00   000000   0   000000000000000   000   000000000000000   000   000000000000000      000000000001159290   000   000000001159290   0   0000000000   A   0   0000000000   A   000000   000000   000000000000000   000000000000000   0000A0000000
