 002070   63008261701   DES00054          1   025   011220   00   000000   0   000000000000000   000   000000000000000   000   000000000000000      000000000000381150   000   000000000381150   0   0000000000   A   0   0000000000   A   000000   000000   000000000000000   000000000000000   0000A0000000
 002070   63008261701   930306            1   001   011225   00   000000   0   000000000000000   000   000000000000000   000   000000000000000      000000000000168489   000   000000000168489   0   0000000000   A   0   0000000000   A   000000   000000   000000000000000   000000000000000   0000A0000000
 002070   63008261701   055439            1   001   011225   00   000000   0   000000000000000   000   000000000000000   000   000000000000000      000000000002125846   000   000000002125846   0   0000000000   A   0   0000000000   A   000000   000000   000000000000000   000000000000000   0000A0000000
 002070   63008261701   930306            1   001   011225   00   000000   0   000000000000000   000   000000000000000   000   000000000000000      000000000000366932   000   000000000366932   0   0000000000   A   0   0000000000   A   000000   000000   000000000000000   000000000000000   0000A0000000
 002070   63008261701   029366            1   001   011225   00   000000   0   000000000000000   000   000000000000000   000   000000000000000      000000000000436586   000   000000000436586   0   0000000000   A   0   0000000000   A   000000   000000   000000000000000   000000000000000   0000A0000000
 002070   63008261701   930306            1   001   011225   00   000000   0   000000000000000   000   000000000000000   000   000000000000000      000000000000381150   000   000000000381150   0   0000000000   A   0   0000000000   A   000000   000000   000000000000000   000000000000000   0000A0000000
 002070   63008261701   930306            1   001   011225   00   000000   0   000000000000000   000   000000000000000   000   000000000000000      000000000000382801   000   000000000382801   0   0000000000   A   0   0000000000   A   000000   000000   000000000000000   000000000000000   0000A0000000
 002070   61834877701   029366            1   001   081225   00   000000   0   000000000000000   000   000000000000000   000   000000000000000      000000000000436586   000   000000000436586   0   0000000000   A   0   0000000000   A   000000   000000   000000000000000   000000000000000   0000A0000000
 002070   61834877701   058373            1   001   081225   00   000000   0   000000000000000   000   000000000000000   000   000000000000000      000000000000320926   000   000000000320926   0   0000000000   A   0   0000000000   A   000000   000000   000000000000000   000000000000000   0000A0000000
 002070   61834877701   058606            1   001   081225   00   000000   0   000000000000000   000   000000000000000   000   000000000000000      000000000000377380   000   000000000377380   0   0000000000   A   0   0000000000   A   000000   000000   000000000000000   000000000000000   0000A0000000
 002070   63008261701   420266            1   001   011225   00   000000   0   000000000000000   000   000000000000000   000   000000000000000      000000000001159290   000   000000001159290   0   0000000000   A   0   0000000000   A   000000   000000   000000000000000   000000000000000   0000A0000000
 002070   61834877701   420266            1   001   081225   00   000000   0   000000000000000   000   000000000000000   000   000000000000000      000000000001159290   000   000000001159290   0   0000000000   A   0   0000000000   A   000000   000000   000000000000000   000000000000000   0000A0000000
 002070   61834877701   420266            1   001   081225   00   000000   0   000000000000000   000   000000000000000   000   000000000000000      000000000001159290   000   000000001159290   0   0000000000   A   0   0000000000   A   000000   000000   000000000000000   000000000000000   0000A0000000
