 002070   61809723502   34031X1           1   026   311220   00   000000   0   000000000000000   000   000000000000000   000   000000000000000      000000000000989161   000   000000000989161   0   0000000000   A   0   0000000000   A   000000   000000   000000000000000   000000000000000   0000A0000000
 002070   61809723502   058606            1   001   311226   00   000000   0   000000000000000   000   000000000000000   000   000000000000000      000000000000377380   000   000000000377380   0   0000000000   A   0   0000000000   A   000000   000000   000000000000000   000000000000000   0000A0000000
 002070   62051553703   034031            1   001   040126   00   000000   0   000000000000000   000   000000000000000   000   000000000000000      000000000000989161   000   000000000989161   0   0000000000   A   0   0000000000   A   000000   000000   000000000000000   000000000000000   0000A0000000
 002070   62051553703   053609            1   001   040126   00   000000   0   000000000000000   000   000000000000000   000   000000000000000      000000000000486142   000   000000000486142   0   0000000000   A   0   0000000000   A   000000   000000   000000000000000   000000000000000   0000A0000000
 002070   62348365201   034031            1   001   060126   00   000000   0   000000000000000   000   000000000000000   000   000000000000000      000000000000989161   000   000000000989161   0   0000000000   A   0   0000000000   A   000000   000000   000000000000000   000000000000000   0000A0000000
 002070   62348365201   058606            1   001   060126   00   000000   0   000000000000000   000   000000000000000   000   000000000000000      000000000000377380   000   000000000377380   0   0000000000   A   0   0000000000   A   000000   000000   000000000000000   000000000000000   0000A0000000
 002070   63057398001   034031            1   001   060126   00   000000   0   000000000000000   000   000000000000000   000   000000000000000      000000000000989161   000   000000000989161   0   0000000000   A   0   0000000000   A   000000   000000   000000000000000   000000000000000   0000A0000000
 002070   63057398001   058606            1   001   060126   00   000000   0   000000000000000   000   000000000000000   000   000000000000000      000000000000377380   000   000000000377380   0   0000000000   A   0   0000000000   A   000000   000000   000000000000000   000000000000000   0000A0000000
 002070   63230889201   058606            1   001   070126   00   000000   0   000000000000000   000   000000000000000   000   000000000000000      000000000000377380   000   000000000377380   0   0000000000   A   0   0000000000   A   000000   000000   000000000000000   000000000000000   0000A0000000
 002070   63230889201   029366            1   001   070126   00   000000   0   000000000000000   000   000000000000000   000   000000000000000      000000000000436586   000   000000000436586   0   0000000000   A   0   0000000000   A   000000   000000   000000000000000   000000000000000   0000A0000000
 002070   63230889201   041926            1   001   070126   00   000000   0   000000000000000   000   000000000000000   000   000000000000000      000000000000559741   000   000000000559741   0   0000000000   A   0   0000000000   A   000000   000000   000000000000000   000000000000000   0000A0000000
 002070   63311547801   058606            1   001   110126   00   000000   0   000000000000000   000   000000000000000   000   000000000000000      000000000000377380   000   000000000377380   0   0000000000   A   0   0000000000   A   000000   000000   000000000000000   000000000000000   0000A0000000
 002070   63311547801   058373            1   001   110126   00   000000   0   000000000000000   000   000000000000000   000   000000000000000      000000000000320926   000   000000000320926   0   0000000000   A   0   0000000000   A   000000   000000   000000000000000   000000000000000   0000A0000000
 002070   63311547801   029366            1   001   110126   00   000000   0   000000000000000   000   000000000000000   000   000000000000000      000000000000436586   000   000000000436586   0   0000000000   A   0   0000000000   A   000000   000000   000000000000000   000000000000000   0000A0000000
 002070   63189370802   058606            1   001   130126   00   000000   0   000000000000000   000   000000000000000   000   000000000000000      000000000000377380   000   000000000377380   0   0000000000   A   0   0000000000   A   000000   000000   000000000000000   000000000000000   0000A0000000
 002070   63189370802   034031            1   001   130126   00   000000   0   000000000000000   000   000000000000000   000   000000000000000      000000000000989161   000   000000000989161   0   0000000000   A   0   0000000000   A   000000   000000   000000000000000   000000000000000   0000A0000000
 002070   62733009501   058606            1   001   170126   00   000000   0   000000000000000   000   000000000000000   000   000000000000000      000000000000377380   000   000000000377380   0   0000000000   A   0   0000000000   A   000000   000000   000000000000000   000000000000000   0000A0000000
 002070   62733009501   058373            1   001   170126   00   000000   0   000000000000000   000   000000000000000   000   000000000000000      000000000000320926   000   000000000320926   0   0000000000   A   0   0000000000   A   000000   000000   000000000000000   000000000000000   0000A0000000
 002070   00000000000   036396            1   001   180126   00   000000   0   000000000000000   000   000000000000000   000   000000000000000      000000000000062122   000   000000000062122   0   0000000000   A   0   0000000000   A   000000   000000   000000000000000   000000000000000   0000A0000000
 002070   61682935202   049924            1   001   190126   00   000000   0   000000000000000   000   000000000000000   000   000000000000000      000000000001358095   000   000000001358095   0   0000000000   A   0   0000000000   A   000000   000000   000000000000000   000000000000000   0000A0000000
 002070   61682935202   058373            1   001   190126   00   000000   0   000000000000000   000   000000000000000   000   000000000000000      000000000000320926   000   000000000320926   0   0000000000   A   0   0000000000   A   000000   000000   000000000000000   000000000000000   0000A0000000
 002070   00000000000   045717            1   001   200126   00   000000   0   000000000000000   000   000000000000000   000   000000000000000      000000000000030460   000   000000000030460   0   0000000000   A   0   0000000000   A   000000   000000   000000000000000   000000000000000   0000A0000000
 002070   63238455601   058606            1   001   290126   00   000000   0   000000000000000   000   000000000000000   000   000000000000000      000000000000377380   000   000000000377380   0   0000000000   A   0   0000000000   A   000000   000000   000000000000000   000000000000000   0000A0000000
 002070   63238455601   029366            1   001   290126   00   000000   0   000000000000000   000   000000000000000   000   000000000000000      000000000000436586   000   000000000436586   0   0000000000   A   0   0000000000   A   000000   000000   000000000000000   000000000000000   0000A0000000
 002070   63238455601   041926            1   001   290126   00   000000   0   000000000000000   000   000000000000000   000   000000000000000      000000000000559741   000   000000000559741   0   0000000000   A   0   0000000000   A   000000   000000   000000000000000   000000000000000   0000A0000000
 002070   61809723502   420266            1   001   311226   00   000000   0   000000000000000   000   000000000000000   000   000000000000000      000000000001180157   000   000000001180157   0   0000000000   A   0   0000000000   A   000000   000000   000000000000000   000000000000000   0000A0000000
 002070   62051553703   420266            1   001   040126   00   000000   0   000000000000000   000   000000000000000   000   000000000000000      000000000001180157   000   000000001180157   0   0000000000   A   0   0000000000   A   000000   000000   000000000000000   000000000000000   0000A0000000
 002070   62348365201   420266            1   001   060126   00   000000   0   000000000000000   000   000000000000000   000   000000000000000      000000000001180157   000   000000001180157   0   0000000000   A   0   0000000000   A   000000   000000   000000000000000   000000000000000   0000A0000000
 002070   63057398001   420266            1   001   060126   00   000000   0   000000000000000   000   000000000000000   000   000000000000000      000000000001180157   000   000000001180157   0   0000000000   A   0   0000000000   A   000000   000000   000000000000000   000000000000000   0000A0000000
 002070   63311547801   420266            1   001   110126   00   000000   0   000000000000000   000   000000000000000   000   000000000000000      000000000001662971   000   000000001662971   0   0000000000   A   0   0000000000   A   000000   000000   000000000000000   000000000000000   0000A0000000
 002070   63230889201   420266            1   001   130126   00   000000   0   000000000000000   000   000000000000000   000   000000000000000      000000000001180157   000   000000001180157   0   0000000000   A   0   0000000000   A   000000   000000   000000000000000   000000000000000   0000A0000000
 002070   63189370802   420266            1   001   130126   00   000000   0   000000000000000   000   000000000000000   000   000000000000000      000000000001196076   000   000000001196076   0   0000000000   A   0   0000000000   A   000000   000000   000000000000000   000000000000000   0000A0000000
 002070   60656304002   180125            1   001   150126   00   000000   0   000000004461403   000   000000000000000   000   000000000000000      000000000000000000   000   000000004461403   0   0000000000   A   0   0000000000   A   000000   000000   000000000000000   000000000000000   0000A0000000
 002070   63208917101   420266            1   001   150126   00   000000   0   000000000000000   000   000000000000000   000   000000000000000      000000000001196076   000   000000001196076   0   0000000000   A   0   0000000000   A   000000   000000   000000000000000   000000000000000   0000A0000000
 002070   62733009501   420266            1   001   170126   00   000000   0   000000000000000   000   000000000000000   000   000000000000000      000000000001180157   000   000000001180157   0   0000000000   A   0   0000000000   A   000000   000000   000000000000000   000000000000000   0000A0000000
 002070   63239251602   420266            1   001   180126   00   000000   0   000000000000000   000   000000000000000   000   000000000000000      000000000001180157   000   000000001180157   0   0000000000   A   0   0000000000   A   000000   000000   000000000000000   000000000000000   0000A0000000
 002070   00000000000   420266            1   001   180126   00   000000   0   000000000000000   000   000000000000000   000   000000000000000      000000000001180157   000   000000001180157   0   0000000000   A   0   0000000000   A   000000   000000   000000000000000   000000000000000   0000A0000000
 002070   00000000000   170101            1   001   180126   00   000000   0   000000000740789   000   000000000000000   000   000000000000000      000000000000000000   000   000000000740789   0   0000000000   A   0   0000000000   A   000000   000000   000000000000000   000000000000000   0000A0000000
 002070   61682935202   420266            1   001   190126   00   000000   0   000000000000000   000   000000000000000   000   000000000000000      000000000001196076   000   000000001196076   0   0000000000   A   0   0000000000   A   000000   000000   000000000000000   000000000000000   0000A0000000
 002070   61020172601   430201            1   006   200126   00   000000   0   000000000000000   000   000000000000000   000   000000000000000      000000000000134428   000   000000000806565   0   0000000000   A   0   0000000000   A   000000   000000   000000000000000   000000000000000   0000A0000000
 002070   62494028302   420266            1   001   210126   00   000000   0   000000000000000   000   000000000000000   000   000000000000000      000000000001180157   000   000000001180157   0   0000000000   A   0   0000000000   A   000000   000000   000000000000000   000000000000000   0000A0000000
 002070   61519928201   420266            1   001   210126   00   000000   0   000000000000000   000   000000000000000   000   000000000000000      000000000001196076   000   000000001196076   0   0000000000   A   0   0000000000   A   000000   000000   000000000000000   000000000000000   0000A0000000
 002070   63049741804   420266            1   001   270126   00   000000   0   000000000000000   000   000000000000000   000   000000000000000      000000000001180157   000   000000001180157   0   0000000000   A   0   0000000000   A   000000   000000   000000000000000   000000000000000   0000A0000000
 002070   62348866202   420266            1   001   280126   00   000000   0   000000000000000   000   000000000000000   000   000000000000000      000000000001180157   000   000000001180157   0   0000000000   A   0   0000000000   A   000000   000000   000000000000000   000000000000000   0000A0000000
 002070   62001184907   420266            1   001   280126   00   000000   0   000000000000000   000   000000000000000   000   000000000000000      000000000001196076   000   000000001196076   0   0000000000   A   0   0000000000   A   000000   000000   000000000000000   000000000000000   0000A0000000
 002070   63238455601   420266            1   001   290126   00   000000   0   000000000000000   000   000000000000000   000   000000000000000      000000000001180157   000   000000001180157   0   0000000000   A   0   0000000000   A   000000   000000   000000000000000   000000000000000   0000A0000000
 002070   63106122201   420266            1   001   271126   00   000000   0   000000000000000   000   000000000000000   000   000000000000000      000000000001159290   000   000000001159290   0   0000000000   A   0   0000000000   A   000000   000000   000000000000000   000000000000000   0000A0000000
