 002070   62164951001   DES00195          1   026   250120   00   000000   0   000000000000000   000   000000000000000   000   000000000000000      000000000001027976   000   000000005139882   0   0000000000   A   0   0000000000   A   000000   000000   000000000000000   000000000000000   0000A0000000
 002070   62164951001   930306            1   001   270126   00   000000   0   000000000000000   000   000000000000000   000   000000000000000      000000000001027976   000   000000001027976   0   0000000000   A   0   0000000000   A   000000   000000   000000000000000   000000000000000   0000A0000000
 002070   15202810701   058606            1   001   030226   00   000000   0   000000000000000   000   000000000000000   000   000000000000000      000000000000377380   000   000000000377380   0   0000000000   A   0   0000000000   A   000000   000000   000000000000000   000000000000000   0000A0000000
 002070   62457749901   034031            1   001   040226   00   000000   0   000000000000000   000   000000000000000   000   000000000000000      000000000001110531   000   000000001110531   0   0000000000   A   0   0000000000   A   000000   000000   000000000000000   000000000000000   0000A0000000
 002070   62457749901   053609            1   001   040226   00   000000   0   000000000000000   000   000000000000000   000   000000000000000      000000000002339334   000   000000002339334   0   0000000000   A   0   0000000000   A   000000   000000   000000000000000   000000000000000   0000A0000000
 002070   22204268104   058373            1   001   130226   00   000000   0   000000000000000   000   000000000000000   000   000000000000000      000000000000320926   000   000000000320926   0   0000000000   A   0   0000000000   A   000000   000000   000000000000000   000000000000000   0000A0000000
 002070   22204268104   032583            1   001   130226   00   000000   0   000000000000000   000   000000000000000   000   000000000000000      000000000000747275   000   000000000747275   0   0000000000   A   0   0000000000   A   000000   000000   000000000000000   000000000000000   0000A0000000
 002070   22204268104   041926            1   001   130226   00   000000   0   000000000000000   000   000000000000000   000   000000000000000      000000000000559741   000   000000000559741   0   0000000000   A   0   0000000000   A   000000   000000   000000000000000   000000000000000   0000A0000000
 002070   00000000000   034031            1   001   200226   00   000000   0   000000000000000   000   000000000000000   000   000000000000000      000000000001110531   000   000000001110531   0   0000000000   A   0   0000000000   A   000000   000000   000000000000000   000000000000000   0000A0000000
 002070   00000000000   053609            1   001   200226   00   000000   0   000000000000000   000   000000000000000   000   000000000000000      000000000002339334   000   000000002339334   0   0000000000   A   0   0000000000   A   000000   000000   000000000000000   000000000000000   0000A0000000
 002070   00000000000   058606            1   001   200226   00   000000   0   000000000000000   000   000000000000000   000   000000000000000      000000000000433987   000   000000000433987   0   0000000000   A   0   0000000000   A   000000   000000   000000000000000   000000000000000   0000A0000000
 002070   62164951001   121926            1   001   250126   00   000000   0   000000001091932   000   000000000000000   000   000000000000000      000000000006909800   000   000000008001732   0   0000000000   A   0   0000000000   A   000000   000000   000000000000000   000000000000000   0000A0000000
 002070   15202810701   420266            1   001   030226   00   000000   0   000000000000000   000   000000000000000   000   000000000000000      000000000001205058   000   000000001205058   0   0000000000   A   0   0000000000   A   000000   000000   000000000000000   000000000000000   0000A0000000
 002070   62457749901   420266            1   001   040226   00   000000   0   000000000000000   000   000000000000000   000   000000000000000      000000000001205058   000   000000001205058   0   0000000000   A   0   0000000000   A   000000   000000   000000000000000   000000000000000   0000A0000000
 002070   62029296101   420266            1   001   100226   00   000000   0   000000000000000   000   000000000000000   000   000000000000000      000000000001221313   000   000000001221313   0   0000000000   A   0   0000000000   A   000000   000000   000000000000000   000000000000000   0000A0000000
 002070   22204268104   420266            1   001   130226   00   000000   0   000000000000000   000   000000000000000   000   000000000000000      000000000001205058   000   000000001205058   0   0000000000   A   0   0000000000   A   000000   000000   000000000000000   000000000000000   0000A0000000
 002070   00000000000   420266            1   001   200226   00   000000   0   000000000000000   000   000000000000000   000   000000000000000      000000000001205058   000   000000001205058   0   0000000000   A   0   0000000000   A   000000   000000   000000000000000   000000000000000   0000A0000000
 002070   15205714002   420266            1   001   230226   00   000000   0   000000000000000   000   000000000000000   000   000000000000000      000000000001205058   000   000000001205058   0   0000000000   A   0   0000000000   A   000000   000000   000000000000000   000000000000000   0000A0000000
 002070   62931241801   420266            1   001   250226   00   000000   0   000000000000000   000   000000000000000   000   000000000000000      000000000001205058   000   000000001205058   0   0000000000   A   0   0000000000   A   000000   000000   000000000000000   000000000000000   0000A0000000
 002070   30700053896   420266            1   001   250226   00   000000   0   000000000000000   000   000000000000000   000   000000000000000      000000000001205058   000   000000001205058   0   0000000000   A   0   0000000000   A   000000   000000   000000000000000   000000000000000   0000A0000000
