 002070   61389271101   58606X1           1   025   170120   00   000000   0   000000000000000   000   000000000000000   000   000000000000000      000000000000377380   000   000000000377380   0   0000000000   A   0   0000000000   A   000000   000000   000000000000000   000000000000000   0000A0000000
 002070   61389271101   041926            1   001   170125   00   000000   0   000000000000000   000   000000000000000   000   000000000000000      000000000000559741   000   000000000559741   0   0000000000   A   0   0000000000   A   000000   000000   000000000000000   000000000000000   0000A0000000
 002070   61389271101   029366            1   001   170125   00   000000   0   000000000000000   000   000000000000000   000   000000000000000      000000000000436586   000   000000000436586   0   0000000000   A   0   0000000000   A   000000   000000   000000000000000   000000000000000   0000A0000000
 002070   61608645701   058606            1   001   270125   00   000000   0   000000000000000   000   000000000000000   000   000000000000000      000000000000377380   000   000000000377380   0   0000000000   A   0   0000000000   A   000000   000000   000000000000000   000000000000000   0000A0000000
 002070   61608645701   034031            1   001   270125   00   000000   0   000000000000000   000   000000000000000   000   000000000000000      000000000001078186   000   000000001078186   0   0000000000   A   0   0000000000   A   000000   000000   000000000000000   000000000000000   0000A0000000
 002070   00000000000   420266            1   001   010125   00   000000   0   000000000000000   000   000000000000000   000   000000000000000      000000000001180157   000   000000001180157   0   0000000000   A   0   0000000000   A   000000   000000   000000000000000   000000000000000   0000A0000000
 002070   15203309701   420266            1   001   050125   00   000000   0   000000000000000   000   000000000000000   000   000000000000000      000000000001180157   000   000000001180157   0   0000000000   A   0   0000000000   A   000000   000000   000000000000000   000000000000000   0000A0000000
 002070   08205358601   420266            1   001   130125   00   000000   0   000000000000000   000   000000000000000   000   000000000000000      000000000001180157   000   000000001180157   0   0000000000   A   0   0000000000   A   000000   000000   000000000000000   000000000000000   0000A0000000
 002070   61389271101   420266            1   001   170125   00   000000   0   000000000000000   000   000000000000000   000   000000000000000      000000000001180157   000   000000001180157   0   0000000000   A   0   0000000000   A   000000   000000   000000000000000   000000000000000   0000A0000000
 002070   15203309701   420266            1   001   180125   00   000000   0   000000000000000   000   000000000000000   000   000000000000000      000000000001180157   000   000000001180157   0   0000000000   A   0   0000000000   A   000000   000000   000000000000000   000000000000000   0000A0000000
 002070   62705861101   420266            1   001   190125   00   000000   0   000000000000000   000   000000000000000   000   000000000000000      000000000001180157   000   000000001180157   0   0000000000   A   0   0000000000   A   000000   000000   000000000000000   000000000000000   0000A0000000
 002070   61608645701   420266            1   001   270125   00   000000   0   000000001180157   000   000000000000000   000   000000000000000      000000000000000000   000   000000001180157   0   0000000000   A   0   0000000000   A   000000   000000   000000000000000   000000000000000   0000A0000000
 002070   00000000000   420266            1   001   280125   00   000000   0   000000000000000   000   000000000000000   000   000000000000000      000000000001180157   000   000000001180157   0   0000000000   A   0   0000000000   A   000000   000000   000000000000000   000000000000000   0000A0000000
