 002070   63252816702   430171            2   001   011220   00   000000   0   000000000000000   000   000000000000000   000   000000000000000      000000000020781599   000   000000020781599   0   0000000000   A   0   0000000000   A   000000   000000   000000000000000   000000000000000   0000A0000000
 002070   62602611201   430171            2   001   021220   00   000000   0   000000000000000   000   000000000000000   000   000000000000000      000000000020781599   000   000000020781599   0   0000000000   A   0   0000000000   A   000000   000000   000000000000000   000000000000000   0000A0000000
 002070   61609138803   430171            2   001   031220   00   000000   0   000000000000000   000   000000000000000   000   000000000000000      000000000020781599   000   000000020781599   0   0000000000   A   0   0000000000   A   000000   000000   000000000000000   000000000000000   0000A0000000
 002070   62042086201   430185            2   001   031220   00   000000   0   000000000000000   000   000000000000000   000   000000000000000      000000000007318866   000   000000007318866   0   0000000000   A   0   0000000000   A   000000   000000   000000000000000   000000000000000   0000A0000000
 002070   63126573102   110461            2   001   051220   00   000000   0   000000000000000   000   000000000000000   000   000000000000000      000000000087826238   000   000000087826238   0   0000000000   A   0   0000000000   A   000000   000000   000000000000000   000000000000000   0000A0000000
 002070   63126573102   430105            2   002   051220   00   000000   0   000000000000000   000   000000000000000   000   000000000000000      000000000003091462   000   000000006182924   0   0000000000   A   0   0000000000   A   000000   000000   000000000000000   000000000000000   0000A0000000
 002070   61443619102   430185            2   001   051220   00   000000   0   000000000000000   000   000000000000000   000   000000000000000      000000000007318866   000   000000007318866   0   0000000000   A   0   0000000000   A   000000   000000   000000000000000   000000000000000   0000A0000000
 002070   62651411701   430185            2   001   101220   00   000000   0   000000000000000   000   000000000000000   000   000000000000000      000000000007318866   000   000000007318866   0   0000000000   A   0   0000000000   A   000000   000000   000000000000000   000000000000000   0000A0000000
 002070   61020172601   430171            2   002   111220   00   000000   0   000000000000000   000   000000000000000   000   000000000000000      000000000020781599   000   000000041563198   0   0000000000   A   0   0000000000   A   000000   000000   000000000000000   000000000000000   0000A0000000
 002070   61412785701   430171            2   001   121220   00   000000   0   000000000000000   000   000000000000000   000   000000000000000      000000000020781599   000   000000020781599   0   0000000000   A   0   0000000000   A   000000   000000   000000000000000   000000000000000   0000A0000000
 002070   62651411702   430185            2   001   121220   00   000000   0   000000000000000   000   000000000000000   000   000000000000000      000000000007318866   000   000000007318866   0   0000000000   A   0   0000000000   A   000000   000000   000000000000000   000000000000000   0000A0000000
 002070   63234498801   430171            2   001   121220   00   000000   0   000000000000000   000   000000000000000   000   000000000000000      000000000020781599   000   000000020781599   0   0000000000   A   0   0000000000   A   000000   000000   000000000000000   000000000000000   0000A0000000
 002070   61853435001   430185            2   001   161220   00   000000   0   000000000000000   000   000000000000000   000   000000000000000      000000000007318866   000   000000007318866   0   0000000000   A   0   0000000000   A   000000   000000   000000000000000   000000000000000   0000A0000000
 002070   61412785701   430185            2   001   181220   00   000000   0   000000000000000   000   000000000000000   000   000000000000000      000000000007318866   000   000000007318866   0   0000000000   A   0   0000000000   A   000000   000000   000000000000000   000000000000000   0000A0000000
 002070   62100705501   430171            2   001   231220   00   000000   0   000000000000000   000   000000000000000   000   000000000000000      000000000020781599   000   000000020781599   0   0000000000   A   0   0000000000   A   000000   000000   000000000000000   000000000000000   0000A0000000
 002070   11229803102   400101            2   001   251220   00   000000   0   000000000000000   000   000000000000000   000   000000000000000      000000000034372313   000   000000034372313   0   0000000000   A   0   0000000000   A   000000   000000   000000000000000   000000000000000   0000A0000000
 002070   63106122202   430185            2   001   291220   00   000000   0   000000000000000   000   000000000000000   000   000000000000000      000000000007318866   000   000000007318866   0   0000000000   A   0   0000000000   A   000000   000000   000000000000000   000000000000000   0000A0000000
 002070   63252816702   130113            2   001   011220   00   000000   0   000000000000000   000   000000000000000   000   000000000000000      000000000019766888   000   000000019766888   0   0000000000   A   0   0000000000   A   000000   000000   000000000000000   000000000000000   0000A0000000
 002070   63252816702   431101            2   001   011220   00   000000   0   000000000000000   000   000000000000000   000   000000000000000      000000000001053922   000   000000001053922   0   0000000000   A   0   0000000000   A   000000   000000   000000000000000   000000000000000   0000A0000000
 002070   62602611201   100103            2   001   021220   00   000000   0   000000000000000   000   000000000000000   000   000000000000000      000000000039487269   000   000000039487269   0   0000000000   A   0   0000000000   A   000000   000000   000000000000000   000000000000000   0000A0000000
 002070   61609138803   030410            2   001   031220   00   000000   0   000000000000000   000   000000000000000   000   000000000000000      000000000027305108   000   000000027305108   0   0000000000   A   0   0000000000   A   000000   000000   000000000000000   000000000000000   0000A0000000
 002070   61609138803   431101            2   001   031220   00   000000   0   000000000000000   000   000000000000000   000   000000000000000      000000000001053922   000   000000001053922   0   0000000000   A   0   0000000000   A   000000   000000   000000000000000   000000000000000   0000A0000000
 002070   61020172601   080203            2   001   111220   00   000000   0   000000000000000   000   000000000000000   000   000000000000000      000000000036853520   000   000000036853520   0   0000000000   A   0   0000000000   A   000000   000000   000000000000000   000000000000000   0000A0000000
 002070   61020172601   431101            2   001   111220   00   000000   0   000000000000000   000   000000000000000   000   000000000000000      000000000001053922   000   000000001053922   0   0000000000   A   0   0000000000   A   000000   000000   000000000000000   000000000000000   0000A0000000
 002070   63234498801   080203            2   001   121220   00   000000   0   000000000000000   000   000000000000000   000   000000000000000      000000000036853520   000   000000036853520   0   0000000000   A   0   0000000000   A   000000   000000   000000000000000   000000000000000   0000A0000000
 002070   63234498801   431101            2   001   121220   00   000000   0   000000000000000   000   000000000000000   000   000000000000000      000000000001053922   000   000000001053922   0   0000000000   A   0   0000000000   A   000000   000000   000000000000000   000000000000000   0000A0000000
 002070   62100705501   120303            2   001   231220   00   000000   0   000000000000000   000   000000000000000   000   000000000000000      000000000036853520   000   000000036853520   0   0000000000   A   0   0000000000   A   000000   000000   000000000000000   000000000000000   0000A0000000
 002070   63252816702   20172X1           2   001   011220   00   000000   0   000000000000000   000   000000000000000   000   000000000000000      000000000003102075   000   000000003102075   0   0000000000   A   0   0000000000   A   000000   000000   000000000000000   000000000000000   0000A0000000
 002070   63252816702   14916X1           2   025   011220   00   000000   0   000000000000000   000   000000000000000   000   000000000000000      000000000000165190   000   000000004129740   0   0000000000   A   0   0000000000   A   000000   000000   000000000000000   000000000000000   0000A0000000
 002070   63252816702   55439X1           2   003   011220   00   000000   0   000000000000000   000   000000000000000   000   000000000000000      000000000002125846   000   000000006377538   0   0000000000   A   0   0000000000   A   000000   000000   000000000000000   000000000000000   0000A0000000
 002070   63252816702   19428X1           2   001   011220   00   000000   0   000000000000000   000   000000000000000   000   000000000000000      000000000000395183   000   000000000395183   0   0000000000   A   0   0000000000   A   000000   000000   000000000000000   000000000000000   0000A0000000
 002070   63252816702   60196X1           2   001   011220   00   000000   0   000000000000000   000   000000000000000   000   000000000000000      000000000001640790   000   000000001640790   0   0000000000   A   0   0000000000   A   000000   000000   000000000000000   000000000000000   0000A0000000
 002070   63252816702   58689X1           2   001   011220   00   000000   0   000000000000000   000   000000000000000   000   000000000000000      000000000003336728   000   000000003336728   0   0000000000   A   0   0000000000   A   000000   000000   000000000000000   000000000000000   0000A0000000
 002070   63252816702   45332X1           2   001   011220   00   000000   0   000000000000000   000   000000000000000   000   000000000000000      000000000001354867   000   000000001354867   0   0000000000   A   0   0000000000   A   000000   000000   000000000000000   000000000000000   0000A0000000
 002070   63252816702   34031X1           2   001   011220   00   000000   0   000000000000000   000   000000000000000   000   000000000000000      000000000000989161   000   000000000989161   0   0000000000   A   0   0000000000   A   000000   000000   000000000000000   000000000000000   0000A0000000
 002070   63252816702   58606X1           2   002   011220   00   000000   0   000000000000000   000   000000000000000   000   000000000000000      000000000000377380   000   000000000754760   0   0000000000   A   0   0000000000   A   000000   000000   000000000000000   000000000000000   0000A0000000
 002070   63252816702   58373X1           2   001   011220   00   000000   0   000000000000000   000   000000000000000   000   000000000000000      000000000000320926   000   000000000320926   0   0000000000   A   0   0000000000   A   000000   000000   000000000000000   000000000000000   0000A0000000
 002070   63252816702   24104X1           2   001   011220   00   000000   0   000000000000000   000   000000000000000   000   000000000000000      000000000003055590   000   000000003055590   0   0000000000   A   0   0000000000   A   000000   000000   000000000000000   000000000000000   0000A0000000
 002070   63252816702   49924X1           2   002   011220   00   000000   0   000000000000000   000   000000000000000   000   000000000000000      000000000001358094   000   000000002716189   0   0000000000   A   0   0000000000   A   000000   000000   000000000000000   000000000000000   0000A0000000
 002070   63252816702   18910X1           2   004   011220   00   000000   0   000000000000000   000   000000000000000   000   000000000000000      000000000001543022   000   000000006172088   0   0000000000   A   0   0000000000   A   000000   000000   000000000000000   000000000000000   0000A0000000
 002070   63252816702   DES00026          2   005   011220   00   000000   0   000000000000000   000   000000000000000   000   000000000000000      000000000000047855   000   000000000239274   0   0000000000   A   0   0000000000   A   000000   000000   000000000000000   000000000000000   0000A0000000
 002070   63252816702   DES00052          2   001   011220   00   000000   0   000000000000000   000   000000000000000   000   000000000000000      000000000003420873   000   000000003420873   0   0000000000   A   0   0000000000   A   000000   000000   000000000000000   000000000000000   0000A0000000
 002070   62602611201   22323X1           2   001   021220   00   000000   0   000000000000000   000   000000000000000   000   000000000000000      000000000001781301   000   000000001781301   0   0000000000   A   0   0000000000   A   000000   000000   000000000000000   000000000000000   0000A0000000
 002070   62602611201   18168X1           2   002   021220   00   000000   0   000000000000000   000   000000000000000   000   000000000000000      000000000000800100   000   000000001600200   0   0000000000   A   0   0000000000   A   000000   000000   000000000000000   000000000000000   0000A0000000
 002070   62602611201   55443X1           2   001   021220   00   000000   0   000000000000000   000   000000000000000   000   000000000000000      000000000004444157   000   000000004444157   0   0000000000   A   0   0000000000   A   000000   000000   000000000000000   000000000000000   0000A0000000
 002070   62602611201   56870X1           2   003   021220   00   000000   0   000000000000000   000   000000000000000   000   000000000000000      000000000003767335   000   000000011302006   0   0000000000   A   0   0000000000   A   000000   000000   000000000000000   000000000000000   0000A0000000
 002070   62602611201   55439X1           2   003   021220   00   000000   0   000000000000000   000   000000000000000   000   000000000000000      000000000002125846   000   000000006377538   0   0000000000   A   0   0000000000   A   000000   000000   000000000000000   000000000000000   0000A0000000
 002070   62602611201   4066X1            2   002   021220   00   000000   0   000000000000000   000   000000000000000   000   000000000000000      000000000008605402   000   000000017210804   0   0000000000   A   0   0000000000   A   000000   000000   000000000000000   000000000000000   0000A0000000
 002070   62602611201   57916X1           2   001   021220   00   000000   0   000000000000000   000   000000000000000   000   000000000000000      000000000003285000   000   000000003285000   0   0000000000   A   0   0000000000   A   000000   000000   000000000000000   000000000000000   0000A0000000
 002070   62602611201   60196X1           2   001   021220   00   000000   0   000000000000000   000   000000000000000   000   000000000000000      000000000001640790   000   000000001640790   0   0000000000   A   0   0000000000   A   000000   000000   000000000000000   000000000000000   0000A0000000
 002070   62602611201   31837X1           2   001   021220   00   000000   0   000000000000000   000   000000000000000   000   000000000000000      000000000001140764   000   000000001140764   0   0000000000   A   0   0000000000   A   000000   000000   000000000000000   000000000000000   0000A0000000
 002070   62602611201   34031X1           2   001   021220   00   000000   0   000000000000000   000   000000000000000   000   000000000000000      000000000000989161   000   000000000989161   0   0000000000   A   0   0000000000   A   000000   000000   000000000000000   000000000000000   0000A0000000
 002070   62602611201   58606X1           2   002   021220   00   000000   0   000000000000000   000   000000000000000   000   000000000000000      000000000000377380   000   000000000754760   0   0000000000   A   0   0000000000   A   000000   000000   000000000000000   000000000000000   0000A0000000
 002070   62602611201   58373X1           2   001   021220   00   000000   0   000000000000000   000   000000000000000   000   000000000000000      000000000000320926   000   000000000320926   0   0000000000   A   0   0000000000   A   000000   000000   000000000000000   000000000000000   0000A0000000
 002070   62602611201   49924X1           2   001   021220   00   000000   0   000000000000000   000   000000000000000   000   000000000000000      000000000001358095   000   000000001358095   0   0000000000   A   0   0000000000   A   000000   000000   000000000000000   000000000000000   0000A0000000
 002070   62602611201   DES00026          2   005   021220   00   000000   0   000000000000000   000   000000000000000   000   000000000000000      000000000000047855   000   000000000239274   0   0000000000   A   0   0000000000   A   000000   000000   000000000000000   000000000000000   0000A0000000
 002070   61609138803   DES00196          2   001   031220   00   000000   0   000000000000000   000   000000000000000   000   000000000000000      000000000000747748   000   000000000747748   0   0000000000   A   0   0000000000   A   000000   000000   000000000000000   000000000000000   0000A0000000
 002070   61609138803   57998X1           2   002   031220   00   000000   0   000000000000000   000   000000000000000   000   000000000000000      000000000000683196   000   000000001366393   0   0000000000   A   0   0000000000   A   000000   000000   000000000000000   000000000000000   0000A0000000
 002070   61609138803   20172X1           2   001   031220   00   000000   0   000000000000000   000   000000000000000   000   000000000000000      000000000003102075   000   000000003102075   0   0000000000   A   0   0000000000   A   000000   000000   000000000000000   000000000000000   0000A0000000
 002070   61609138803   52001X1           2   001   031220   00   000000   0   000000000000000   000   000000000000000   000   000000000000000      000000000002826548   000   000000002826548   0   0000000000   A   0   0000000000   A   000000   000000   000000000000000   000000000000000   0000A0000000
 002070   61609138803   14916X1           2   025   031220   00   000000   0   000000000000000   000   000000000000000   000   000000000000000      000000000000165190   000   000000004129740   0   0000000000   A   0   0000000000   A   000000   000000   000000000000000   000000000000000   0000A0000000
 002070   61609138803   55439X1           2   004   031220   00   000000   0   000000000000000   000   000000000000000   000   000000000000000      000000000002125846   000   000000008503384   0   0000000000   A   0   0000000000   A   000000   000000   000000000000000   000000000000000   0000A0000000
 002070   61609138803   19428X1           2   001   031220   00   000000   0   000000000000000   000   000000000000000   000   000000000000000      000000000000395183   000   000000000395183   0   0000000000   A   0   0000000000   A   000000   000000   000000000000000   000000000000000   0000A0000000
 002070   61609138803   60196X1           2   001   031220   00   000000   0   000000000000000   000   000000000000000   000   000000000000000      000000000001640790   000   000000001640790   0   0000000000   A   0   0000000000   A   000000   000000   000000000000000   000000000000000   0000A0000000
 002070   61609138803   58689X1           2   001   031220   00   000000   0   000000000000000   000   000000000000000   000   000000000000000      000000000003336728   000   000000003336728   0   0000000000   A   0   0000000000   A   000000   000000   000000000000000   000000000000000   0000A0000000
 002070   61609138803   45332X1           2   001   031220   00   000000   0   000000000000000   000   000000000000000   000   000000000000000      000000000001354867   000   000000001354867   0   0000000000   A   0   0000000000   A   000000   000000   000000000000000   000000000000000   0000A0000000
 002070   61609138803   34031X1           2   001   031220   00   000000   0   000000000000000   000   000000000000000   000   000000000000000      000000000000989161   000   000000000989161   0   0000000000   A   0   0000000000   A   000000   000000   000000000000000   000000000000000   0000A0000000
 002070   61609138803   58606X1           2   002   031220   00   000000   0   000000000000000   000   000000000000000   000   000000000000000      000000000000377380   000   000000000754760   0   0000000000   A   0   0000000000   A   000000   000000   000000000000000   000000000000000   0000A0000000
 002070   61609138803   58373X1           2   001   031220   00   000000   0   000000000000000   000   000000000000000   000   000000000000000      000000000000320926   000   000000000320926   0   0000000000   A   0   0000000000   A   000000   000000   000000000000000   000000000000000   0000A0000000
 002070   61609138803   24104X1           2   001   031220   00   000000   0   000000000000000   000   000000000000000   000   000000000000000      000000000003055590   000   000000003055590   0   0000000000   A   0   0000000000   A   000000   000000   000000000000000   000000000000000   0000A0000000
 002070   61609138803   49924X1           2   001   031220   00   000000   0   000000000000000   000   000000000000000   000   000000000000000      000000000001358095   000   000000001358095   0   0000000000   A   0   0000000000   A   000000   000000   000000000000000   000000000000000   0000A0000000
 002070   61609138803   18910X1           2   003   031220   00   000000   0   000000000000000   000   000000000000000   000   000000000000000      000000000001543022   000   000000004629066   0   0000000000   A   0   0000000000   A   000000   000000   000000000000000   000000000000000   0000A0000000
 002070   61609138803   DES00026          2   001   031220   00   000000   0   000000000000000   000   000000000000000   000   000000000000000      000000000000047855   000   000000000047855   0   0000000000   A   0   0000000000   A   000000   000000   000000000000000   000000000000000   0000A0000000
 002070   61609138803   DES00052          2   001   031220   00   000000   0   000000000000000   000   000000000000000   000   000000000000000      000000000003420873   000   000000003420873   0   0000000000   A   0   0000000000   A   000000   000000   000000000000000   000000000000000   0000A0000000
 002070   61020172601   20172X1           2   001   111220   00   000000   0   000000000000000   000   000000000000000   000   000000000000000      000000000003102075   000   000000003102075   0   0000000000   A   0   0000000000   A   000000   000000   000000000000000   000000000000000   0000A0000000
 002070   61020172601   52001X1           2   001   111220   00   000000   0   000000000000000   000   000000000000000   000   000000000000000      000000000002826548   000   000000002826548   0   0000000000   A   0   0000000000   A   000000   000000   000000000000000   000000000000000   0000A0000000
 002070   61020172601   DES00140          2   001   111220   00   000000   0   000000000000000   000   000000000000000   000   000000000000000      000000000004724997   000   000000004724997   0   0000000000   A   0   0000000000   A   000000   000000   000000000000000   000000000000000   0000A0000000
 002070   61020172601   55439X1           2   003   111220   00   000000   0   000000000000000   000   000000000000000   000   000000000000000      000000000002125846   000   000000006377538   0   0000000000   A   0   0000000000   A   000000   000000   000000000000000   000000000000000   0000A0000000
 002070   61020172601   50933X1           2   030   111220   00   000000   0   000000000000000   000   000000000000000   000   000000000000000      000000000000165190   000   000000004955688   0   0000000000   A   0   0000000000   A   000000   000000   000000000000000   000000000000000   0000A0000000
 002070   61020172601   55442X1           2   001   111220   00   000000   0   000000000000000   000   000000000000000   000   000000000000000      000000000004098341   000   000000004098341   0   0000000000   A   0   0000000000   A   000000   000000   000000000000000   000000000000000   0000A0000000
 002070   61020172601   19428X1           2   001   111220   00   000000   0   000000000000000   000   000000000000000   000   000000000000000      000000000000395183   000   000000000395183   0   0000000000   A   0   0000000000   A   000000   000000   000000000000000   000000000000000   0000A0000000
 002070   61020172601   60196X1           2   001   111220   00   000000   0   000000000000000   000   000000000000000   000   000000000000000      000000000001640790   000   000000001640790   0   0000000000   A   0   0000000000   A   000000   000000   000000000000000   000000000000000   0000A0000000
 002070   61020172601   58689X1           2   001   111220   00   000000   0   000000000000000   000   000000000000000   000   000000000000000      000000000003336728   000   000000003336728   0   0000000000   A   0   0000000000   A   000000   000000   000000000000000   000000000000000   0000A0000000
 002070   61020172601   45332X1           2   001   111220   00   000000   0   000000000000000   000   000000000000000   000   000000000000000      000000000001354867   000   000000001354867   0   0000000000   A   0   0000000000   A   000000   000000   000000000000000   000000000000000   0000A0000000
 002070   61020172601   34031X1           2   001   111220   00   000000   0   000000000000000   000   000000000000000   000   000000000000000      000000000000989161   000   000000000989161   0   0000000000   A   0   0000000000   A   000000   000000   000000000000000   000000000000000   0000A0000000
 002070   61020172601   58606X1           2   002   111220   00   000000   0   000000000000000   000   000000000000000   000   000000000000000      000000000000377380   000   000000000754760   0   0000000000   A   0   0000000000   A   000000   000000   000000000000000   000000000000000   0000A0000000
 002070   61020172601   58373X1           2   001   111220   00   000000   0   000000000000000   000   000000000000000   000   000000000000000      000000000000320926   000   000000000320926   0   0000000000   A   0   0000000000   A   000000   000000   000000000000000   000000000000000   0000A0000000
 002070   61020172601   49924X1           2   002   111220   00   000000   0   000000000000000   000   000000000000000   000   000000000000000      000000000001358094   000   000000002716189   0   0000000000   A   0   0000000000   A   000000   000000   000000000000000   000000000000000   0000A0000000
 002070   61020172601   18910X1           2   004   111220   00   000000   0   000000000000000   000   000000000000000   000   000000000000000      000000000001543022   000   000000006172088   0   0000000000   A   0   0000000000   A   000000   000000   000000000000000   000000000000000   0000A0000000
 002070   61020172601   DES00026          2   005   111220   00   000000   0   000000000000000   000   000000000000000   000   000000000000000      000000000000047855   000   000000000239274   0   0000000000   A   0   0000000000   A   000000   000000   000000000000000   000000000000000   0000A0000000
 002070   61020172601   DES00052          2   001   111220   00   000000   0   000000000000000   000   000000000000000   000   000000000000000      000000000003420873   000   000000003420873   0   0000000000   A   0   0000000000   A   000000   000000   000000000000000   000000000000000   0000A0000000
 002070   61020172601   DES00054          2   001   111220   00   000000   0   000000000000000   000   000000000000000   000   000000000000000      000000000000381150   000   000000000381150   0   0000000000   A   0   0000000000   A   000000   000000   000000000000000   000000000000000   0000A0000000
 002070   63234498801   15010X1           2   001   121220   00   000000   0   000000000000000   000   000000000000000   000   000000000000000      000000000001553400   000   000000001553400   0   0000000000   A   0   0000000000   A   000000   000000   000000000000000   000000000000000   0000A0000000
 002070   63234498801   20172X1           2   001   121220   00   000000   0   000000000000000   000   000000000000000   000   000000000000000      000000000003102075   000   000000003102075   0   0000000000   A   0   0000000000   A   000000   000000   000000000000000   000000000000000   0000A0000000
 002070   63234498801   55439X1           2   003   121220   00   000000   0   000000000000000   000   000000000000000   000   000000000000000      000000000002125846   000   000000006377538   0   0000000000   A   0   0000000000   A   000000   000000   000000000000000   000000000000000   0000A0000000
 002070   63234498801   50933X1           2   030   121220   00   000000   0   000000000000000   000   000000000000000   000   000000000000000      000000000000165190   000   000000004955688   0   0000000000   A   0   0000000000   A   000000   000000   000000000000000   000000000000000   0000A0000000
 002070   63234498801   19428X1           2   001   121220   00   000000   0   000000000000000   000   000000000000000   000   000000000000000      000000000000395183   000   000000000395183   0   0000000000   A   0   0000000000   A   000000   000000   000000000000000   000000000000000   0000A0000000
 002070   63234498801   58689X1           2   001   121220   00   000000   0   000000000000000   000   000000000000000   000   000000000000000      000000000003336728   000   000000003336728   0   0000000000   A   0   0000000000   A   000000   000000   000000000000000   000000000000000   0000A0000000
 002070   63234498801   45332X1           2   001   121220   00   000000   0   000000000000000   000   000000000000000   000   000000000000000      000000000001354867   000   000000001354867   0   0000000000   A   0   0000000000   A   000000   000000   000000000000000   000000000000000   0000A0000000
 002070   63234498801   34031X1           2   001   121220   00   000000   0   000000000000000   000   000000000000000   000   000000000000000      000000000000989161   000   000000000989161   0   0000000000   A   0   0000000000   A   000000   000000   000000000000000   000000000000000   0000A0000000
 002070   63234498801   58606X1           2   002   121220   00   000000   0   000000000000000   000   000000000000000   000   000000000000000      000000000000377380   000   000000000754760   0   0000000000   A   0   0000000000   A   000000   000000   000000000000000   000000000000000   0000A0000000
 002070   63234498801   58373X1           2   001   121220   00   000000   0   000000000000000   000   000000000000000   000   000000000000000      000000000000320926   000   000000000320926   0   0000000000   A   0   0000000000   A   000000   000000   000000000000000   000000000000000   0000A0000000
 002070   63234498801   24104X1           2   001   121220   00   000000   0   000000000000000   000   000000000000000   000   000000000000000      000000000003055590   000   000000003055590   0   0000000000   A   0   0000000000   A   000000   000000   000000000000000   000000000000000   0000A0000000
 002070   63234498801   49924X1           2   002   121220   00   000000   0   000000000000000   000   000000000000000   000   000000000000000      000000000001358094   000   000000002716189   0   0000000000   A   0   0000000000   A   000000   000000   000000000000000   000000000000000   0000A0000000
 002070   63234498801   18910X1           2   004   121220   00   000000   0   000000000000000   000   000000000000000   000   000000000000000      000000000001543022   000   000000006172088   0   0000000000   A   0   0000000000   A   000000   000000   000000000000000   000000000000000   0000A0000000
 002070   63234498801   DES00026          2   005   121220   00   000000   0   000000000000000   000   000000000000000   000   000000000000000      000000000000047855   000   000000000239274   0   0000000000   A   0   0000000000   A   000000   000000   000000000000000   000000000000000   0000A0000000
 002070   63234498801   DES00052          2   001   121220   00   000000   0   000000000000000   000   000000000000000   000   000000000000000      000000000003420873   000   000000003420873   0   0000000000   A   0   0000000000   A   000000   000000   000000000000000   000000000000000   0000A0000000
 002070   63234498801   DES00054          2   001   121220   00   000000   0   000000000000000   000   000000000000000   000   000000000000000      000000000000381150   000   000000000381150   0   0000000000   A   0   0000000000   A   000000   000000   000000000000000   000000000000000   0000A0000000
 002070   62100705501   15010X1           2   002   231220   00   000000   0   000000000000000   000   000000000000000   000   000000000000000      000000000001553400   000   000000003106800   0   0000000000   A   0   0000000000   A   000000   000000   000000000000000   000000000000000   0000A0000000
 002070   62100705501   18164X1           2   001   231220   00   000000   0   000000000000000   000   000000000000000   000   000000000000000      000000000001553400   000   000000001553400   0   0000000000   A   0   0000000000   A   000000   000000   000000000000000   000000000000000   0000A0000000
 002070   62100705501   58689X1           2   001   231220   00   000000   0   000000000000000   000   000000000000000   000   000000000000000      000000000003336728   000   000000003336728   0   0000000000   A   0   0000000000   A   000000   000000   000000000000000   000000000000000   0000A0000000
 002070   62100705501   55439X1           2   004   231220   00   000000   0   000000000000000   000   000000000000000   000   000000000000000      000000000002125846   000   000000008503384   0   0000000000   A   0   0000000000   A   000000   000000   000000000000000   000000000000000   0000A0000000
 002070   62100705501   60196X1           2   001   231220   00   000000   0   000000000000000   000   000000000000000   000   000000000000000      000000000001640790   000   000000001640790   0   0000000000   A   0   0000000000   A   000000   000000   000000000000000   000000000000000   0000A0000000
 002070   62100705501   31837X1           2   001   231220   00   000000   0   000000000000000   000   000000000000000   000   000000000000000      000000000001140764   000   000000001140764   0   0000000000   A   0   0000000000   A   000000   000000   000000000000000   000000000000000   0000A0000000
 002070   62100705501   45332X1           2   002   231220   00   000000   0   000000000000000   000   000000000000000   000   000000000000000      000000000001354867   000   000000002709734   0   0000000000   A   0   0000000000   A   000000   000000   000000000000000   000000000000000   0000A0000000
 002070   62100705501   34031X1           2   001   231220   00   000000   0   000000000000000   000   000000000000000   000   000000000000000      000000000000989161   000   000000000989161   0   0000000000   A   0   0000000000   A   000000   000000   000000000000000   000000000000000   0000A0000000
 002070   62100705501   58606X1           2   002   231220   00   000000   0   000000000000000   000   000000000000000   000   000000000000000      000000000000377380   000   000000000754760   0   0000000000   A   0   0000000000   A   000000   000000   000000000000000   000000000000000   0000A0000000
 002070   62100705501   49924X1           2   002   231220   00   000000   0   000000000000000   000   000000000000000   000   000000000000000      000000000001358094   000   000000002716189   0   0000000000   A   0   0000000000   A   000000   000000   000000000000000   000000000000000   0000A0000000
 002070   62100705501   DES00026          2   005   231220   00   000000   0   000000000000000   000   000000000000000   000   000000000000000      000000000000047855   000   000000000239274   0   0000000000   A   0   0000000000   A   000000   000000   000000000000000   000000000000000   0000A0000000
 002070   62100705501   DES00054          2   001   231220   00   000000   0   000000000000000   000   000000000000000   000   000000000000000      000000000000381150   000   000000000381150   0   0000000000   A   0   0000000000   A   000000   000000   000000000000000   000000000000000   0000A0000000
 002070   63252816702   55439X1           2   002   011220   00   000000   0   000000000000000   000   000000000000000   000   000000000000000      000000000002125846   000   000000004251692   0   0000000000   A   0   0000000000   A   000000   000000   000000000000000   000000000000000   0000A0000000
 002070   63252816702   40316X1           2   002   011220   00   000000   0   000000000000000   000   000000000000000   000   000000000000000      000000000013194070   000   000000026388140   0   0000000000   A   0   0000000000   A   000000   000000   000000000000000   000000000000000   0000A0000000
 002070   63252816702   DES00040          2   001   011220   00   000000   0   000000000000000   000   000000000000000   000   000000000000000      000000000000381150   000   000000000381150   0   0000000000   A   0   0000000000   A   000000   000000   000000000000000   000000000000000   0000A0000000
 002070   63252816702   DES00055          2   001   011220   00   000000   0   000000000000000   000   000000000000000   000   000000000000000      000000000001184071   000   000000001184071   0   0000000000   A   0   0000000000   A   000000   000000   000000000000000   000000000000000   0000A0000000
 002070   63252816702   58606X1           2   003   011220   00   000000   0   000000000000000   000   000000000000000   000   000000000000000      000000000000377380   000   000000001132140   0   0000000000   A   0   0000000000   A   000000   000000   000000000000000   000000000000000   0000A0000000
 002070   63252816702   32583X1           2   002   011220   00   000000   0   000000000000000   000   000000000000000   000   000000000000000      000000000000747276   000   000000001494551   0   0000000000   A   0   0000000000   A   000000   000000   000000000000000   000000000000000   0000A0000000
 002070   63252816702   DES00040          2   001   021220   00   000000   0   000000000000000   000   000000000000000   000   000000000000000      000000000000381150   000   000000000381150   0   0000000000   A   0   0000000000   A   000000   000000   000000000000000   000000000000000   0000A0000000
 002070   63252816702   DES00045          2   001   021220   00   000000   0   000000000000000   000   000000000000000   000   000000000000000      000000000000168489   000   000000000168489   0   0000000000   A   0   0000000000   A   000000   000000   000000000000000   000000000000000   0000A0000000
 002070   62602611201   55439X1           2   003   021220   00   000000   0   000000000000000   000   000000000000000   000   000000000000000      000000000002125846   000   000000006377538   0   0000000000   A   0   0000000000   A   000000   000000   000000000000000   000000000000000   0000A0000000
 002070   62602611201   58606X1           2   003   021220   00   000000   0   000000000000000   000   000000000000000   000   000000000000000      000000000000377380   000   000000001132140   0   0000000000   A   0   0000000000   A   000000   000000   000000000000000   000000000000000   0000A0000000
 002070   62602611201   29366X1           2   003   021220   00   000000   0   000000000000000   000   000000000000000   000   000000000000000      000000000000436585   000   000000001309756   0   0000000000   A   0   0000000000   A   000000   000000   000000000000000   000000000000000   0000A0000000
 002070   62602611201   40316X1           2   002   021220   00   000000   0   000000000000000   000   000000000000000   000   000000000000000      000000000013194070   000   000000026388140   0   0000000000   A   0   0000000000   A   000000   000000   000000000000000   000000000000000   0000A0000000
 002070   62602611201   DES00045          2   001   021220   00   000000   0   000000000000000   000   000000000000000   000   000000000000000      000000000000168489   000   000000000168489   0   0000000000   A   0   0000000000   A   000000   000000   000000000000000   000000000000000   0000A0000000
 002070   62602611201   DES00040          2   001   021220   00   000000   0   000000000000000   000   000000000000000   000   000000000000000      000000000000381150   000   000000000381150   0   0000000000   A   0   0000000000   A   000000   000000   000000000000000   000000000000000   0000A0000000
 002070   62602611201   55439X1           2   001   031220   00   000000   0   000000000000000   000   000000000000000   000   000000000000000      000000000002125846   000   000000002125846   0   0000000000   A   0   0000000000   A   000000   000000   000000000000000   000000000000000   0000A0000000
 002070   62602611201   58606X1           2   001   031220   00   000000   0   000000000000000   000   000000000000000   000   000000000000000      000000000000377380   000   000000000377380   0   0000000000   A   0   0000000000   A   000000   000000   000000000000000   000000000000000   0000A0000000
 002070   62602611201   29366X1           2   001   031220   00   000000   0   000000000000000   000   000000000000000   000   000000000000000      000000000000436586   000   000000000436586   0   0000000000   A   0   0000000000   A   000000   000000   000000000000000   000000000000000   0000A0000000
 002070   61020172601   55439X1           2   003   111220   00   000000   0   000000000000000   000   000000000000000   000   000000000000000      000000000002125846   000   000000006377538   0   0000000000   A   0   0000000000   A   000000   000000   000000000000000   000000000000000   0000A0000000
 002070   61020172601   58606X1           2   003   111220   00   000000   0   000000000000000   000   000000000000000   000   000000000000000      000000000000377380   000   000000001132140   0   0000000000   A   0   0000000000   A   000000   000000   000000000000000   000000000000000   0000A0000000
 002070   61020172601   32583X1           2   002   111220   00   000000   0   000000000000000   000   000000000000000   000   000000000000000      000000000000747276   000   000000001494551   0   0000000000   A   0   0000000000   A   000000   000000   000000000000000   000000000000000   0000A0000000
 002070   61020172601   45332X1           2   002   111220   00   000000   0   000000000000000   000   000000000000000   000   000000000000000      000000000001354867   000   000000002709734   0   0000000000   A   0   0000000000   A   000000   000000   000000000000000   000000000000000   0000A0000000
 002070   61020172601   29366X1           2   002   111220   00   000000   0   000000000000000   000   000000000000000   000   000000000000000      000000000000436586   000   000000000873171   0   0000000000   A   0   0000000000   A   000000   000000   000000000000000   000000000000000   0000A0000000
 002070   61020172601   32581X1           2   002   111220   00   000000   0   000000000000000   000   000000000000000   000   000000000000000      000000000000499670   000   000000000999340   0   0000000000   A   0   0000000000   A   000000   000000   000000000000000   000000000000000   0000A0000000
 002070   61412785701   29366X1           2   001   111220   00   000000   0   000000000000000   000   000000000000000   000   000000000000000      000000000000436586   000   000000000436586   0   0000000000   A   0   0000000000   A   000000   000000   000000000000000   000000000000000   0000A0000000
 002070   61412785701   DES00016          2   001   111220   00   000000   0   000000000000000   000   000000000000000   000   000000000000000      000000000000382801   000   000000000382801   0   0000000000   A   0   0000000000   A   000000   000000   000000000000000   000000000000000   0000A0000000
 002070   61412785701   58606X1           2   001   111220   00   000000   0   000000000000000   000   000000000000000   000   000000000000000      000000000000377380   000   000000000377380   0   0000000000   A   0   0000000000   A   000000   000000   000000000000000   000000000000000   0000A0000000
 002070   61412785701   DES00040          2   001   111220   00   000000   0   000000000000000   000   000000000000000   000   000000000000000      000000000000381150   000   000000000381150   0   0000000000   A   0   0000000000   A   000000   000000   000000000000000   000000000000000   0000A0000000
 002070   61412785701   DES00045          2   001   111220   00   000000   0   000000000000000   000   000000000000000   000   000000000000000      000000000000168489   000   000000000168489   0   0000000000   A   0   0000000000   A   000000   000000   000000000000000   000000000000000   0000A0000000
 002070   61412785701   DES00054          2   001   111220   00   000000   0   000000000000000   000   000000000000000   000   000000000000000      000000000000381150   000   000000000381150   0   0000000000   A   0   0000000000   A   000000   000000   000000000000000   000000000000000   0000A0000000
 002070   61412785701   55439X1           2   001   111220   00   000000   0   000000000000000   000   000000000000000   000   000000000000000      000000000002125846   000   000000002125846   0   0000000000   A   0   0000000000   A   000000   000000   000000000000000   000000000000000   0000A0000000
 002070   61020172601   55439X1           2   001   121220   00   000000   0   000000000000000   000   000000000000000   000   000000000000000      000000000002125846   000   000000002125846   0   0000000000   A   0   0000000000   A   000000   000000   000000000000000   000000000000000   0000A0000000
 002070   61020172601   58606X1           2   003   121220   00   000000   0   000000000000000   000   000000000000000   000   000000000000000      000000000000377380   000   000000001132140   0   0000000000   A   0   0000000000   A   000000   000000   000000000000000   000000000000000   0000A0000000
 002070   61020172601   32583X1           2   002   121220   00   000000   0   000000000000000   000   000000000000000   000   000000000000000      000000000000747276   000   000000001494551   0   0000000000   A   0   0000000000   A   000000   000000   000000000000000   000000000000000   0000A0000000
 002070   61020172601   45332X1           2   001   121220   00   000000   0   000000000000000   000   000000000000000   000   000000000000000      000000000001354867   000   000000001354867   0   0000000000   A   0   0000000000   A   000000   000000   000000000000000   000000000000000   0000A0000000
 002070   61020172601   29366X1           2   002   121220   00   000000   0   000000000000000   000   000000000000000   000   000000000000000      000000000000436586   000   000000000873171   0   0000000000   A   0   0000000000   A   000000   000000   000000000000000   000000000000000   0000A0000000
 002070   61020172601   32581X1           2   002   121220   00   000000   0   000000000000000   000   000000000000000   000   000000000000000      000000000000499670   000   000000000999340   0   0000000000   A   0   0000000000   A   000000   000000   000000000000000   000000000000000   0000A0000000
 002070   61412785701   55439X1           2   002   121220   00   000000   0   000000000000000   000   000000000000000   000   000000000000000      000000000002125846   000   000000004251692   0   0000000000   A   0   0000000000   A   000000   000000   000000000000000   000000000000000   0000A0000000
 002070   61412785701   29366X1           2   002   121220   00   000000   0   000000000000000   000   000000000000000   000   000000000000000      000000000000436586   000   000000000873171   0   0000000000   A   0   0000000000   A   000000   000000   000000000000000   000000000000000   0000A0000000
 002070   63234498801   55442X1           2   002   121220   00   000000   0   000000000000000   000   000000000000000   000   000000000000000      000000000004098341   000   000000008196682   0   0000000000   A   0   0000000000   A   000000   000000   000000000000000   000000000000000   0000A0000000
 002070   63234498801   55439X1           2   002   121220   00   000000   0   000000000000000   000   000000000000000   000   000000000000000      000000000002125846   000   000000004251692   0   0000000000   A   0   0000000000   A   000000   000000   000000000000000   000000000000000   0000A0000000
 002070   63234498801   58606X1           2   003   121220   00   000000   0   000000000000000   000   000000000000000   000   000000000000000      000000000000377380   000   000000001132140   0   0000000000   A   0   0000000000   A   000000   000000   000000000000000   000000000000000   0000A0000000
 002070   63234498801   58373X1           2   003   121220   00   000000   0   000000000000000   000   000000000000000   000   000000000000000      000000000000320927   000   000000000962780   0   0000000000   A   0   0000000000   A   000000   000000   000000000000000   000000000000000   0000A0000000
 002070   63234498801   29366X1           2   003   121220   00   000000   0   000000000000000   000   000000000000000   000   000000000000000      000000000000436585   000   000000001309756   0   0000000000   A   0   0000000000   A   000000   000000   000000000000000   000000000000000   0000A0000000
 002070   63234498801   55439X1           2   001   131220   00   000000   0   000000000000000   000   000000000000000   000   000000000000000      000000000002125846   000   000000002125846   0   0000000000   A   0   0000000000   A   000000   000000   000000000000000   000000000000000   0000A0000000
 002070   62100705501   29366X1           2   001   231220   00   000000   0   000000000000000   000   000000000000000   000   000000000000000      000000000000436586   000   000000000436586   0   0000000000   A   0   0000000000   A   000000   000000   000000000000000   000000000000000   0000A0000000
 002070   11229803102   DES00017          2   001   251220   00   000000   0   000000000000000   000   000000000000000   000   000000000000000      000000000000382801   000   000000000382801   0   0000000000   A   0   0000000000   A   000000   000000   000000000000000   000000000000000   0000A0000000
 002070   11229803102   DES00040          2   001   251220   00   000000   0   000000000000000   000   000000000000000   000   000000000000000      000000000000381150   000   000000000381150   0   0000000000   A   0   0000000000   A   000000   000000   000000000000000   000000000000000   0000A0000000
 002070   11229803102   DES00045          2   001   251220   00   000000   0   000000000000000   000   000000000000000   000   000000000000000      000000000000168489   000   000000000168489   0   0000000000   A   0   0000000000   A   000000   000000   000000000000000   000000000000000   0000A0000000
 002070   11229803102   DES00054          2   001   251220   00   000000   0   000000000000000   000   000000000000000   000   000000000000000      000000000000381150   000   000000000381150   0   0000000000   A   0   0000000000   A   000000   000000   000000000000000   000000000000000   0000A0000000
 002070   11229803102   DES00044          2   001   251220   00   000000   0   000000000000000   000   000000000000000   000   000000000000000      000000000004095457   000   000000004095457   0   0000000000   A   0   0000000000   A   000000   000000   000000000000000   000000000000000   0000A0000000
 002070   11229803102   55439X1           2   001   251220   00   000000   0   000000000000000   000   000000000000000   000   000000000000000      000000000002125846   000   000000002125846   0   0000000000   A   0   0000000000   A   000000   000000   000000000000000   000000000000000   0000A0000000
 002070   11229803102   DES00026          2   003   251220   00   000000   0   000000000000000   000   000000000000000   000   000000000000000      000000000000047855   000   000000000143564   0   0000000000   A   0   0000000000   A   000000   000000   000000000000000   000000000000000   0000A0000000
 002070   11229803102   DES00040          2   001   251220   00   000000   0   000000000000000   000   000000000000000   000   000000000000000      000000000000381150   000   000000000381150   0   0000000000   A   0   0000000000   A   000000   000000   000000000000000   000000000000000   0000A0000000
 002070   11229803102   DES00051          2   001   251220   00   000000   0   000000000000000   000   000000000000000   000   000000000000000      000000000004095457   000   000000004095457   0   0000000000   A   0   0000000000   A   000000   000000   000000000000000   000000000000000   0000A0000000
 002070   11229803102   58832X1           2   001   251220   00   000000   0   000000000000000   000   000000000000000   000   000000000000000      000000000000805677   000   000000000805677   0   0000000000   A   0   0000000000   A   000000   000000   000000000000000   000000000000000   0000A0000000
 002070   11229803102   58373X1           2   001   261220   00   000000   0   000000000000000   000   000000000000000   000   000000000000000      000000000000320926   000   000000000320926   0   0000000000   A   0   0000000000   A   000000   000000   000000000000000   000000000000000   0000A0000000
 002070   11229803102   29366X1           2   001   261220   00   000000   0   000000000000000   000   000000000000000   000   000000000000000      000000000000436586   000   000000000436586   0   0000000000   A   0   0000000000   A   000000   000000   000000000000000   000000000000000   0000A0000000
 002070   11229803102   53986X1           2   001   261220   00   000000   0   000000000000000   000   000000000000000   000   000000000000000      000000000000238054   000   000000000238054   0   0000000000   A   0   0000000000   A   000000   000000   000000000000000   000000000000000   0000A0000000
 002070   11229803102   58823X1           2   003   261220   00   000000   0   000000000000000   000   000000000000000   000   000000000000000      000000000000417988   000   000000001253964   0   0000000000   A   0   0000000000   A   000000   000000   000000000000000   000000000000000   0000A0000000
 002070   11229803102   55439X1           2   001   261220   00   000000   0   000000000000000   000   000000000000000   000   000000000000000      000000000002125846   000   000000002125846   0   0000000000   A   0   0000000000   A   000000   000000   000000000000000   000000000000000   0000A0000000
 002070   11229803102   58606X1           2   001   261220   00   000000   0   000000000000000   000   000000000000000   000   000000000000000      000000000000377380   000   000000000377380   0   0000000000   A   0   0000000000   A   000000   000000   000000000000000   000000000000000   0000A0000000
 002070   11229803102   55439X1           2   002   261220   00   000000   0   000000000000000   000   000000000000000   000   000000000000000      000000000002125846   000   000000004251692   0   0000000000   A   0   0000000000   A   000000   000000   000000000000000   000000000000000   0000A0000000
 002070   11229803102   58606X1           2   001   261220   00   000000   0   000000000000000   000   000000000000000   000   000000000000000      000000000000377380   000   000000000377380   0   0000000000   A   0   0000000000   A   000000   000000   000000000000000   000000000000000   0000A0000000
 002070   11229803102   58373X1           2   001   261220   00   000000   0   000000000000000   000   000000000000000   000   000000000000000      000000000000320926   000   000000000320926   0   0000000000   A   0   0000000000   A   000000   000000   000000000000000   000000000000000   0000A0000000
 002070   11229803102   29366X1           2   001   261220   00   000000   0   000000000000000   000   000000000000000   000   000000000000000      000000000000436586   000   000000000436586   0   0000000000   A   0   0000000000   A   000000   000000   000000000000000   000000000000000   0000A0000000
 002070   11229803102   53986X1           2   001   261220   00   000000   0   000000000000000   000   000000000000000   000   000000000000000      000000000000238054   000   000000000238054   0   0000000000   A   0   0000000000   A   000000   000000   000000000000000   000000000000000   0000A0000000
 002070   11229803102   29366X1           2   001   261220   00   000000   0   000000000000000   000   000000000000000   000   000000000000000      000000000000436586   000   000000000436586   0   0000000000   A   0   0000000000   A   000000   000000   000000000000000   000000000000000   0000A0000000
 002070   11229803102   58373X1           2   001   261220   00   000000   0   000000000000000   000   000000000000000   000   000000000000000      000000000000320926   000   000000000320926   0   0000000000   A   0   0000000000   A   000000   000000   000000000000000   000000000000000   0000A0000000
 002070   11229803102   55439X1           2   001   261220   00   000000   0   000000000000000   000   000000000000000   000   000000000000000      000000000002125846   000   000000002125846   0   0000000000   A   0   0000000000   A   000000   000000   000000000000000   000000000000000   0000A0000000
 002070   11229803102   53986X1           2   001   261220   00   000000   0   000000000000000   000   000000000000000   000   000000000000000      000000000000238054   000   000000000238054   0   0000000000   A   0   0000000000   A   000000   000000   000000000000000   000000000000000   0000A0000000
 002070   11229803102   58823X1           2   001   271220   00   000000   0   000000000000000   000   000000000000000   000   000000000000000      000000000000417988   000   000000000417988   0   0000000000   A   0   0000000000   A   000000   000000   000000000000000   000000000000000   0000A0000000
 002070   62602611201   340907            2   001   021220   00   000000   0   000000000000000   000   000000000000000   000   000000000000000      000000000002941224   000   000000002941224   0   0000000000   A   0   0000000000   A   000000   000000   000000000000000   000000000000000   0000A0000000
 002070   61412785701   420301            2   001   111220   00   000000   0   000000000000000   000   000000000000000   000   000000000000000      000000000001190534   000   000000001190534   0   0000000000   A   0   0000000000   A   000000   000000   000000000000000   000000000000000   0000A0000000
 002070   61412785701   170101            2   001   111220   00   000000   0   000000000740789   000   000000000000000   000   000000000000000      000000000000000000   000   000000000740789   0   0000000000   A   0   0000000000   A   000000   000000   000000000000000   000000000000000   0000A0000000
 002070   61412785701   420303            2   001   111220   00   000000   0   000000000000000   000   000000000000000   000   000000000000000      000000000001190534   000   000000001190534   0   0000000000   A   0   0000000000   A   000000   000000   000000000000000   000000000000000   0000A0000000
 002070   62100705501   340907            2   001   231220   00   000000   0   000000000000000   000   000000000000000   000   000000000000000      000000000002941224   000   000000002941224   0   0000000000   A   0   0000000000   A   000000   000000   000000000000000   000000000000000   0000A0000000
 002070   11229803102   170101            2   001   251220   00   000000   0   000000000740789   000   000000000000000   000   000000000000000      000000000000000000   000   000000000740789   0   0000000000   A   0   0000000000   A   000000   000000   000000000000000   000000000000000   0000A0000000
 002070   11229803102   420303            2   001   251220   00   000000   0   000000000000000   000   000000000000000   000   000000000000000      000000000001190534   000   000000001190534   0   0000000000   A   0   0000000000   A   000000   000000   000000000000000   000000000000000   0000A0000000
