 002070   63097722302   34031X1           1   001   261120   00   000000   0   000000000000000   000   000000000000000   000   000000000000000      000000000000989161   000   000000000989161   0   0000000000   A   0   0000000000   A   000000   000000   000000000000000   000000000000000   0000A0000000
 002070   63097722302   53609X1           1   001   261120   00   000000   0   000000000000000   000   000000000000000   000   000000000000000      000000000000486142   000   000000000486142   0   0000000000   A   0   0000000000   A   000000   000000   000000000000000   000000000000000   0000A0000000
 002070   61170951001   58606X1           1   001   291120   00   000000   0   000000000000000   000   000000000000000   000   000000000000000      000000000000377380   000   000000000377380   0   0000000000   A   0   0000000000   A   000000   000000   000000000000000   000000000000000   0000A0000000
 002070   63211279301   58606X1           1   001   011220   00   000000   0   000000000000000   000   000000000000000   000   000000000000000      000000000000377380   000   000000000377380   0   0000000000   A   0   0000000000   A   000000   000000   000000000000000   000000000000000   0000A0000000
 002070   63211279301   34031X1           1   001   011220   00   000000   0   000000000000000   000   000000000000000   000   000000000000000      000000000000989161   000   000000000989161   0   0000000000   A   0   0000000000   A   000000   000000   000000000000000   000000000000000   0000A0000000
 002070   63141365001   29366X1           1   001   011220   00   000000   0   000000000000000   000   000000000000000   000   000000000000000      000000000000436586   000   000000000436586   0   0000000000   A   0   0000000000   A   000000   000000   000000000000000   000000000000000   0000A0000000
 002070   63141365001   58606X1           1   001   011220   00   000000   0   000000000000000   000   000000000000000   000   000000000000000      000000000000377380   000   000000000377380   0   0000000000   A   0   0000000000   A   000000   000000   000000000000000   000000000000000   0000A0000000
 002070   63141365001   58373X1           1   001   011220   00   000000   0   000000000000000   000   000000000000000   000   000000000000000      000000000000320926   000   000000000320926   0   0000000000   A   0   0000000000   A   000000   000000   000000000000000   000000000000000   0000A0000000
 002070   63258032001   34031X1           1   001   121220   00   000000   0   000000000000000   000   000000000000000   000   000000000000000      000000000000989161   000   000000000989161   0   0000000000   A   0   0000000000   A   000000   000000   000000000000000   000000000000000   0000A0000000
 002070   63258032001   32583X1           1   001   121220   00   000000   0   000000000000000   000   000000000000000   000   000000000000000      000000000000747275   000   000000000747275   0   0000000000   A   0   0000000000   A   000000   000000   000000000000000   000000000000000   0000A0000000
 002070   63258032001   53609X1           1   001   121220   00   000000   0   000000000000000   000   000000000000000   000   000000000000000      000000000000486142   000   000000000486142   0   0000000000   A   0   0000000000   A   000000   000000   000000000000000   000000000000000   0000A0000000
 002070   11229803102   DES00044          1   001   251220   00   000000   0   000000000000000   000   000000000000000   000   000000000000000      000000000004095457   000   000000004095457   0   0000000000   A   0   0000000000   A   000000   000000   000000000000000   000000000000000   0000A0000000
 002070   11229803102   DES00040          1   001   251220   00   000000   0   000000000000000   000   000000000000000   000   000000000000000      000000000000381150   000   000000000381150   0   0000000000   A   0   0000000000   A   000000   000000   000000000000000   000000000000000   0000A0000000
 002070   11229803102   DES00017          1   001   251220   00   000000   0   000000000000000   000   000000000000000   000   000000000000000      000000000000382801   000   000000000382801   0   0000000000   A   0   0000000000   A   000000   000000   000000000000000   000000000000000   0000A0000000
 002070   11229803102   DES00054          1   001   251220   00   000000   0   000000000000000   000   000000000000000   000   000000000000000      000000000000381150   000   000000000381150   0   0000000000   A   0   0000000000   A   000000   000000   000000000000000   000000000000000   0000A0000000
 002070   11229803102   DES00045          1   001   251220   00   000000   0   000000000000000   000   000000000000000   000   000000000000000      000000000000168489   000   000000000168489   0   0000000000   A   0   0000000000   A   000000   000000   000000000000000   000000000000000   0000A0000000
 002070   11229803102   DES00089          1   001   251220   00   000000   0   000000000000000   000   000000000000000   000   000000000000000      000000000000366932   000   000000000366932   0   0000000000   A   0   0000000000   A   000000   000000   000000000000000   000000000000000   0000A0000000
 002070   11229803102   55439X1           1   001   251220   00   000000   0   000000000000000   000   000000000000000   000   000000000000000      000000000002125846   000   000000002125846   0   0000000000   A   0   0000000000   A   000000   000000   000000000000000   000000000000000   0000A0000000
 002070   62554601502   41926X1           1   001   271220   00   000000   0   000000000000000   000   000000000000000   000   000000000000000      000000000000559741   000   000000000559741   0   0000000000   A   0   0000000000   A   000000   000000   000000000000000   000000000000000   0000A0000000
 002070   62554601502   58606X1           1   001   271220   00   000000   0   000000000000000   000   000000000000000   000   000000000000000      000000000000377380   000   000000000377380   0   0000000000   A   0   0000000000   A   000000   000000   000000000000000   000000000000000   0000A0000000
 002070   63044079301   53609X1           1   001   291220   00   000000   0   000000000000000   000   000000000000000   000   000000000000000      000000000000486142   000   000000000486142   0   0000000000   A   0   0000000000   A   000000   000000   000000000000000   000000000000000   0000A0000000
 002070   63044079301   34031X1           1   001   291220   00   000000   0   000000000000000   000   000000000000000   000   000000000000000      000000000000989161   000   000000000989161   0   0000000000   A   0   0000000000   A   000000   000000   000000000000000   000000000000000   0000A0000000
 002070   62983739101   420266            1   001   231120   00   000000   0   000000000000000   000   000000000000000   000   000000000000000      000000000001159290   000   000000001159290   0   0000000000   A   0   0000000000   A   000000   000000   000000000000000   000000000000000   0000A0000000
 002070   63097722302   420266            1   001   261120   00   000000   0   000000000000000   000   000000000000000   000   000000000000000      000000000001159290   000   000000001159290   0   0000000000   A   0   0000000000   A   000000   000000   000000000000000   000000000000000   0000A0000000
 002070   61648351002   180125            1   001   271120   00   000000   0   000000004461403   000   000000000000000   000   000000000000000      000000000000000000   000   000000004461403   0   0000000000   A   0   0000000000   A   000000   000000   000000000000000   000000000000000   0000A0000000
 002070   61170951001   420266            1   001   291120   00   000000   0   000000000000000   000   000000000000000   000   000000000000000      000000000001174927   000   000000001174927   0   0000000000   A   0   0000000000   A   000000   000000   000000000000000   000000000000000   0000A0000000
 002070   63211279301   420266            1   001   011220   00   000000   0   000000000000000   000   000000000000000   000   000000000000000      000000000001159290   000   000000001159290   0   0000000000   A   0   0000000000   A   000000   000000   000000000000000   000000000000000   0000A0000000
 002070   63141365001   420266            1   001   011220   00   000000   0   000000000000000   000   000000000000000   000   000000000000000      000000000001174927   000   000000001174927   0   0000000000   A   0   0000000000   A   000000   000000   000000000000000   000000000000000   0000A0000000
 002070   62727742902   420266            1   001   031220   00   000000   0   000000000000000   000   000000000000000   000   000000000000000      000000000001159290   000   000000001159290   0   0000000000   A   0   0000000000   A   000000   000000   000000000000000   000000000000000   0000A0000000
 002070   61120377302   180125            1   001   031220   00   000000   0   000000004461403   000   000000000000000   000   000000000000000      000000000000000000   000   000000004461403   0   0000000000   A   0   0000000000   A   000000   000000   000000000000000   000000000000000   0000A0000000
 002070   61443619102   420266            1   001   051220   00   000000   0   000000000000000   000   000000000000000   000   000000000000000      000000000001159290   000   000000001159290   0   0000000000   A   0   0000000000   A   000000   000000   000000000000000   000000000000000   0000A0000000
 002070   00000000000   420266            1   001   101220   00   000000   0   000000000000000   000   000000000000000   000   000000000000000      000000000001159290   000   000000001159290   0   0000000000   A   0   0000000000   A   000000   000000   000000000000000   000000000000000   0000A0000000
 002070   62984834201   420266            1   001   101220   00   000000   0   000000000000000   000   000000000000000   000   000000000000000      000000000001159290   000   000000001159290   0   0000000000   A   0   0000000000   A   000000   000000   000000000000000   000000000000000   0000A0000000
 002070   61682935202   420266            1   001   101220   00   000000   0   000000000000000   000   000000000000000   000   000000000000000      000000000001174927   000   000000001174927   0   0000000000   A   0   0000000000   A   000000   000000   000000000000000   000000000000000   0000A0000000
 002070   61412785701   420266            1   001   111220   00   000000   0   000000000000000   000   000000000000000   000   000000000000000      000000000001159290   000   000000001159290   0   0000000000   A   0   0000000000   A   000000   000000   000000000000000   000000000000000   0000A0000000
 002070   63258032001   420266            1   001   121220   00   000000   0   000000000000000   000   000000000000000   000   000000000000000      000000000001159290   000   000000001159290   0   0000000000   A   0   0000000000   A   000000   000000   000000000000000   000000000000000   0000A0000000
 002070   60766741803   420266            1   001   181220   00   000000   0   000000000000000   000   000000000000000   000   000000000000000      000000000001174927   000   000000001174927   0   0000000000   A   0   0000000000   A   000000   000000   000000000000000   000000000000000   0000A0000000
 002070   61446039404   420266            1   001   221220   00   000000   0   000000000000000   000   000000000000000   000   000000000000000      000000000001159290   000   000000001159290   0   0000000000   A   0   0000000000   A   000000   000000   000000000000000   000000000000000   0000A0000000
 002070   11229803102   420266            1   001   251220   00   000000   0   000000000000000   000   000000000000000   000   000000000000000      000000000001159290   000   000000001159290   0   0000000000   A   0   0000000000   A   000000   000000   000000000000000   000000000000000   0000A0000000
 002070   62554601502   420266            1   001   271220   00   000000   0   000000000000000   000   000000000000000   000   000000000000000      000000000001159290   000   000000001159290   0   0000000000   A   0   0000000000   A   000000   000000   000000000000000   000000000000000   0000A0000000
 002070   00000000000   420266            1   001   281220   00   000000   0   000000000000000   000   000000000000000   000   000000000000000      000000000001159290   000   000000001159290   0   0000000000   A   0   0000000000   A   000000   000000   000000000000000   000000000000000   0000A0000000
 002070   63044079301   420266            1   001   291220   00   000000   0   000000000000000   000   000000000000000   000   000000000000000      000000000001159290   000   000000001159290   0   0000000000   A   0   0000000000   A   000000   000000   000000000000000   000000000000000   0000A0000000
